Scripts_&_data/Landscape_phylogeographic_analyses/Environmental_files/WNV_rasters/Elevation_WNV_16.asc
NCOLS 390 
NROWS 216 
XLLCORNER -128.0000208 
YLLCORNER 18.9999684 
CELLSIZE 0.1666666 
NODATA_value -2147483647 
[rows 135 to 161 of 216, columns 61 to 121 of 390]
-2147483647 -2147483647 -2147483647 -2147483647 89.425 273.3025 377.1025 533.4425 842.0075 1148.725 1360.3675 1158.855 24.94 142.3025 209.86 10.795 15.24 20.995 38.5825 53.6125 113.7575 259.1425 295.605 325.415 263.7175 242.6925 239.6175 266.055 387.055 499.445 547.445 753.4325 757.695 684.8125 594.6975 567.985 551.2475 673.1775 673.39 612.47 777.975 1105.48 1838.835 1194.92 1063.35 1472.6625 1564.2275 1332.3275 1446.2925 1202.4975 1079.27 1160.44 1419.5 1286.6525 1316.1125 1550.6375 1715.87 1586.1775 1485.6325 1432.99 1470.96
-2147483647 -2147483647 -2147483647 -2147483647 -2147483647 193.505 539.92 571.81 761.6425 1264.6625 1484.8675 1365.225 125.72 7.885 209.0025 7.8375 11.2825 16.1275 28.615 37.315 84.48 165.055 273.9775 358.1225 376.715 306.6575 280.51 267.875 380.71 514.4675 557.7225 659.4325 618.585 689.5975 640.0425 613.78 651.535 662.87 740.2225 704.1875 805.1475 769.9175 936.6275 1543.3325 1208.3575 1263.0875 1494.615 1305 1339.13 1571.58 1218.345 1130.275 1259.7775 1289.1925 1380.96 1320.0425 1418.055 1432.5175 1391.2675 1350.055 1319.0925
-2147483647 -2147483647 -2147483647 -2147483647 -2147483647 -2147483647 304.8225 473.4225 731.3575 1062.525 1383.5975 1659.71 630.4575 73.5 30.1825 102.4825 4.0925 8.13 20.3325 34.28 75.355 116.1775 138.235 228.3375 285.1025 252.235 233.0925 309.3325 370.7875 508.0675 665.7125 684.7 585.3975 666.77 702.65 813.305 903.8275 861.1075 834.1725 823.785 847.1875 815.13 939.895 1287.91 1284.065 1207.1125 1469.0725 1311.05 1292.8875 1428.2175 1611.795 1497.2425 1227.0275 1329.61 1433.675 1366.78 1357.2225 1406.705 1371.395 1309.3625 1294.4075
-2147483647 -2147483647 -2147483647 -2147483647 -2147483647 -2147483647 -2147483647 308.5425 692.2125 739.6525 1158.0425 1634.4075 962.195 324.4375 68.3775 6.3 3.6175 1.1825 5.35 53.55 69.6675 76.9525 85.705 117.5175 138.1675 270.2275 277.3575 225.9775 337.5625 423.9075 504.62 619.9725 591.7925 566.3675 607.8275 728.3575 868.76 1255.4375 934.96 1235.485 1081.8825 901.28 1206.495 1260.795 1408.965 1173.5125 1424.4375 1525.57 1320.9475 1379.95 1712.815 2021.83 1373.9875 1428.3525 1405.3225 1351.94 1443.715 1458.1125 1486.81 1344.1225 1344.3775
-2147483647 -2147483647 -2147483647 -2147483647 -2147483647 -2147483647 -2147483647 127.625 546.6075 839.3675 1053.4125 1373.415 1393.2375 646.26 371.6825 87.02 64.9825 2.1775 -2147483647 29.1075 97.3 58.8775 44.205 30.7025 59.625 289.3525 300.4075 175.1575 291.125 459.68 550.8875 520.26 529.45 568.2825 641.6775 704.4975 829.655 1264.3925 1005.3075 1128.015 1008.09 1323.87 1595.7075 1438.615 1551.47 1237.64 1349.8525 1537.8675 1338.5325 1429.6875 1749.095 1915.4675 1403.1975 1616.4775 1509.415 1391.165 1387.8 1421.77 1412.6525 1340.4175 1297.235
-2147483647 -2147483647 -2147483647 -2147483647 -2147483647 -2147483647 -2147483647 330.095 392.785 830.79 1187.75 1063.4825 1144.56 1181.07 633.325 357.4425 124.86 3.71 -2147483647 -2147483647 -2147483647 30.595 21.07 -2147483647 10.7175 85.52 98.365 117.39 259.1225 319.92 502.545 572.9075 578.975 633.375 816.03 855.955 818.215 1134.9325 1144.24 1178.9875 1159.7475 1342.3225 1424.63 1549.7775 1540.0675 1334.075 1332.465 1489.8275 1271.9025 1363.2925 1582.53 1442.3275 1549.3725 1618.11 1807.755 1491.88 1480.035 1361.95 1308.395 1369.435 1268.795
-2147483647 -2147483647 -2147483647 -2147483647 -2147483647 -2147483647 -2147483647 -2147483647 313.4875 397.415 585.3625 918.245 954.695 1203.0475 889.5325 546.59 140.4325 3.015 -2147483647 -2147483647 -2147483647 -2147483647 -2147483647 -2147483647 -2147483647 10.455 35.99 76.565 174.57 234.2925 369.0325 548.8825 711.8 708.0175 782.4725 859.1425 871.22 992.77 1140.255 1234.8 1296.2 1156.535 1500.745 1525.005 1772.6625 1640.1225 1356.2925 1601.66 1304.4275 1247.745 1372.21 1259.855 1479.8925 1620.855 1662.6 1467.26 1516.9825 1405.9 1274.1925 1312.7475 1344.96
-2147483647 -2147483647 -2147483647 -2147483647 -2147483647 -2147483647 -2147483647 -2147483647 -2147483647 189.0575 316.535 728.355 1070.85 1272.0175 685.7175 545.87 427.185 28.6975 -2147483647 -2147483647 -2147483647 -2147483647 -2147483647 -2147483647 -2147483647 -2147483647 -2147483647 6.9175 79.03 177.095 240.255 453.075 559.4875 643.1575 662.27 914.3375 841.17 926.285 1039.705 1057.4 1336.48 1330.3025 1374.635 1511.2675 1542.3275 1430.8925 1494.3225 1528.8675 1413.075 1250.125 1351.5525 1139.805 1381.9 1624.8325 1854.5125 1457.005 1488.9175 1422.4175 1307.72 1315.31 1450.6975
-2147483647 -2147483647 -2147483647 -2147483647 -2147483647 -2147483647 -2147483647 -2147483647 -2147483647 89.5975 248.9625 500.1725 959.47 1784.84 1447.2775 549.9475 532.0025 152.3125 -2147483647 -2147483647 -2147483647 -2147483647 -2147483647 -2147483647 -2147483647 -2147483647 -2147483647 -2147483647 -2147483647 82.25 166.5975 334.305 453.155 494.5675 589.9875 628.075 769.7575 1017.42 879.835 1023.665 1355.1225 1282.84 1495.94 1389.4775 1555.3875 1469.33 1516.42 1623.705 1403.125 1237.4825 1158.2525 1038.3925 1544.3325 1896.665 1663.0275 1515.92 1422.4425 1357.535 1313.5825 1300.5175 1504.3
-2147483647 -2147483647 -2147483647 -2147483647 -2147483647 -2147483647 -2147483647 -2147483647 -2147483647 -2147483647 129.615 306.1925 791.2925 1700.455 2220.055 871.015 556.7175 349.7325 23.98 -2147483647 -2147483647 -2147483647 -2147483647 -2147483647 -2147483647 -2147483647 -2147483647 -2147483647 6.2375 39.43 95.995 206.1525 307.0275 538.98 604.5875 552.865 610.9425 696.0025 727.485 876.3975 1067.9675 1126.6375 1353.74 1288.2475 1525.9275 1492.35 1465.0975 1776.69 1377.7925 1211.435 1311.855 990.5375 1537.9025 1656.515 1440.8875 1402.4725 1393.78 1385.115 1416.72 1456.49 1652.2525
-2147483647 -2147483647 -2147483647 -2147483647 -2147483647 -2147483647 -2147483647 -2147483647 -2147483647 -2147483647 -2147483647 253.6775 596.8225 1021.7425 1711.9275 1330.7075 468.04 378.7775 70.04 -2147483647 -2147483647 -2147483647 -2147483647 -2147483647 -2147483647 -2147483647 -2147483647 -2147483647 6.8675 39.7 90.7075 198.5075 202.3425 289.5625 347.1375 433.2425 507.7775 661.84 719.5825 846.3425 891.965 944.1975 1140.3075 1482.1675 1400.52 1345.9725 1311.29 1335.1175 1433.0775 1268.9675 1210.905 1163.8075 1159.5325 1610.88 1564.775 1542.62 1491.925 1508.5325 1463.005 1406.645 1658.595
-2147483647 -2147483647 -2147483647 -2147483647 -2147483647 -2147483647 -2147483647 -2147483647 -2147483647 -2147483647 -2147483647 84.7675 439.87 709.13 1100.6925 1298.67 663.0275 570.555 199.3675 -2147483647 -2147483647 -2147483647 -2147483647 -2147483647 -2147483647 -2147483647 -2147483647 -2147483647 -2147483647 22.785 81.2325 288.9075 218.5975 241.08 328.43 410.5175 446.355 546.4575 629.095 715.1425 754.7675 880.895 1197.24 1239.9475 1431.6125 1177.9775 1224.25 1145.6275 1521.6025 1417.495 1032.34 1503.1175 1567.615 1296.135 1664.165 1992.5575 1777.015 1628.815 1497.34 1432.715 1716.62
-2147483647 -2147483647 -2147483647 -2147483647 -2147483647 -2147483647 -2147483647 -2147483647 -2147483647 -2147483647 -2147483647 18.5125 250.59 626.92 780.2875 1027.7025 1118.16 547.3025 285.43 -2147483647 -2147483647 -2147483647 -2147483647 -2147483647 -2147483647 -2147483647 -2147483647 -2147483647 -2147483647 -2147483647 63.3475 123.155 334.2725 290.8175 354.1425 512.6575 474.72 505.78 585.6325 627.1525 740.4075 978.2775 1059.075 1111.47 1431.5875 1132.6425 1007.82 1132.2175 1280.2775 1407.385 984.5075 1253.98 1685.27 1178.6725 1525.9375 2008.045 2070.42 1914.625 1645.845 1466.8625 1590.75
-2147483647 -2147483647 -2147483647 -2147483647 -2147483647 -2147483647 -2147483647 -2147483647 -2147483647 -2147483647 -2147483647 -2147483647 181.4575 489.7775 507.2275 658.0925 814.265 843.13 437.7725 -2147483647 -2147483647 -2147483647 -2147483647 -2147483647 -2147483647 -2147483647 -2147483647 -2147483647 -2147483647 -2147483647 138.4125 374.2925 437.7175 410.0125 457.6625 554.1525 751.8575 751.975 767.9475 690.2725 766.195 881.895 989.1825 1085.4275 1271.795 963.445 1344.93 1188.67 1036.275 1408.9 1012.2025 1106.835 1461.0625 1230.015 1657.8275 2113.6875 2135.575 1985.7275 1698.0275 1609.78 1566.6125
-2147483647 -2147483647 -2147483647 -2147483647 -2147483647 -2147483647 -2147483647 -2147483647 -2147483647 -2147483647 -2147483647 -2147483647 113.7275 271.225 454.605 577.905 648.3925 692.0725 484.6475 -2147483647 -2147483647 -2147483647 -2147483647 -2147483647 -2147483647 -2147483647 -2147483647 -2147483647 -2147483647 -2147483647 77.7 386.3525 504.8175 509 616.0825 649.9475 820.775 937.08 930.7725 757.005 718.915 769.8975 918.0975 1159.0825 1183.6825 814.4225 1159.865 1003.98 888.145 1345.555 955.195 910.1975 1398.6825 1667.47 1710.99 1865.3 2064.375 2114.54 1914.5225 1955.275 1622.2975
-2147483647 -2147483647 -2147483647 -2147483647 -2147483647 -2147483647 -2147483647 -2147483647 -2147483647 -2147483647 -2147483647 -2147483647 -2147483647 234.1375 339.315 532.68 580.3275 629.5975 769.14 466.0925 -2147483647 -2147483647 -2147483647 -2147483647 -2147483647 -2147483647 -2147483647 -2147483647 -2147483647 -2147483647 -2147483647 122.7425 342.18 498.865 556.9625 702.565 796.465 855.185 772.43 769.645 705.36 658.3875 901.1025 803.78 1114.39 748.1025 1154.2425 1061.3475 784.5025 1107.4075 968.03 910.8 1195.4525 1592.555 1847.225 1777.195 2216.48 2369.3475 2041.9575 2091.875 2046.615
-2147483647 -2147483647 -2147483647 -2147483647 -2147483647 -2147483647 -2147483647 -2147483647 -2147483647 -2147483647 -2147483647 -2147483647 -2147483647 136.97 355.295 389.865 493.935 534.11 615.3975 705.1825 135.8575 -2147483647 -2147483647 -2147483647 -2147483647 -2147483647 -2147483647 -2147483647 -2147483647 -2147483647 -2147483647 101.6075 208.56 315.6625 356.3475 608.7 723.685 632.6025 706.96 697.3475 631.5525 535.3675 671.26 681.1475 947.7975 912.955 851.31 1122.19 944.73 715.0075 1002.9725 792.4175 1010.6325 1203.7875 1921.5275 1894.8425 2143.5625 2308.33 2181.7575 2076.1875 2134.225
-2147483647 -2147483647 -2147483647 -2147483647 -2147483647 -2147483647 -2147483647 -2147483647 -2147483647 -2147483647 -2147483647 -2147483647 -2147483647 -2147483647 -2147483647 186.3025 305.45 424.4675 530.9275 842.9125 641.935 339.215 196.0275 -2147483647 -2147483647 -2147483647 -2147483647 -2147483647 -2147483647 -2147483647 -2147483647 -2147483647 119.96 196.63 226.6025 260.2725 368.35 457.0625 481.1575 516.445 525.08 435.845 502.67 576.3175 568.6725 900.055 753.985 969.565 891.2925 646.075 873.815 864.815 921.325 1023.6125 1286.01 1843.87 2212.4525 2118.6125 2345.515 2313.2325 2139.985
-2147483647 -2147483647 -2147483647 -2147483647 -2147483647 -2147483647 -2147483647 -2147483647 -2147483647 -2147483647 -2147483647 -2147483647 -2147483647 -2147483647 -2147483647 -2147483647 62.365 168.895 348.09 670.8725 730.5975 528.0225 762.7325 342.5125 -2147483647 -2147483647 248.365 -2147483647 -2147483647 -2147483647 -2147483647 -2147483647 -2147483647 189.435 273.2 222.055 192.1575 250.1825 324.2825 429.1075 554.56 387.665 412.8125 496.1625 410.175 647.595 862.3375 784.225 709.0925 631.5775 1009.8675 724.0725 796.5925 842.7875 1146.3625 1644.575 1827.1025 2068.7 2241.46 2183.395 2178.875
-2147483647 -2147483647 -2147483647 -2147483647 -2147483647 -2147483647 -2147483647 -2147483647 -2147483647 -2147483647 -2147483647 -2147483647 -2147483647 -2147483647 -2147483647 -2147483647 -2147483647 -2147483647 127.5975 384.125 587.21 619.3575 832.51 571.495 330.9625 -2147483647 110.9075 219.545 -2147483647 -2147483647 -2147483647 -2147483647 -2147483647 -2147483647 235.8775 142.1475 103.5875 147.4225 230.1875 270.1625 335.9275 349.2825 310.345 382.1775 437.0625 569.3075 754.8725 913.4775 505.9825 622.0725 827.2175 708.97 932.205 984.755 1345.7225 1345.4575 1911.5225 2137.035 2223.985 2266.93 2206.6475
-2147483647 -2147483647 -2147483647 -2147483647 -2147483647 -2147483647 -2147483647 -2147483647 -2147483647 -2147483647 -2147483647 -2147483647 -2147483647 -2147483647 -2147483647 -2147483647 -2147483647 -2147483647 -2147483647 98.2275 288.6875 499.46 454.7175 479.955 325.05 162.08 -2147483647 -2147483647 -2147483647 -2147483647 -2147483647 -2147483647 161.6475 89.41 154.1025 24.085 45.3725 71.65 119.135 149.7475 183.0425 245.615 299.32 414.095 421.46 705.08 678.365 851.8525 667.0825 757.0325 596.655 581.96 1004.61 1257.49 1056.745 1416.1025 1843.11 1873.625 2160.2425 2124.64 2203.15
-2147483647 -2147483647 -2147483647 -2147483647 -2147483647 -2147483647 -2147483647 -2147483647 -2147483647 -2147483647 -2147483647 -2147483647 -2147483647 -2147483647 -2147483647 -2147483647 -2147483647 -2147483647 -2147483647 -2147483647 107.6325 330.365 255.3425 311.345 550.4925 410.79 -2147483647 -2147483647 -2147483647 -2147483647 -2147483647 -2147483647 243.2975 115.4825 -2147483647 18.33 20.29 49.905 84.7675 115.5225 164.7075 237.4525 324.03 446.95 456.4375 499.6875 583.005 723.765 611.635 720.5075 796.435 767.8475 949.54 1316.54 1029.155 1480.365 1670.4725 2095.2075 2034.7 2036.1675 2024.9375
-2147483647 -2147483647 -2147483647 -2147483647 -2147483647 -2147483647 -2147483647 -2147483647 -2147483647 -2147483647 -2147483647 -2147483647 -2147483647 -2147483647 -2147483647 -2147483647 -2147483647 -2147483647 -2147483647 -2147483647 -2147483647 83.8325 176.1275 341.0225 612.4225 743.2025 341.1175 240.1225 -2147483647 -2147483647 -2147483647 -2147483647 -2147483647 -2147483647 -2147483647 -2147483647 10.0875 33.3475 63.19 92.425 182.57 265.9925 278.5525 385.99 420.375 511.7725 647.3475 581.315 557.61 459.75 942.82 1006.3825 1056.67 1485.2725 1291.555 1638.58 1758.795 2281.6125 1869.6125 1892.96 2059.68
-2147483647 -2147483647 -2147483647 -2147483647 -2147483647 -2147483647 -2147483647 -2147483647 -2147483647 -2147483647 -2147483647 -2147483647 -2147483647 -2147483647 -2147483647 -2147483647 -2147483647 -2147483647 -2147483647 -2147483647 -2147483647 -2147483647 78.3225 340.7525 797.0875 988.5125 362.17 154.6125 -2147483647 -2147483647 -2147483647 -2147483647 -2147483647 -2147483647 -2147483647 -2147483647 3.555 18.445 33.62 78.965 149.2825 415.9475 314.1425 357.6925 409.0975 370.16 532.315 434.3175 664.28 330.6475 741.245 1126.9475 1115.21 1538.6325 1416.68 1806.5025 1773.585 2221.8025 2217.2525 1966.79 2192.445
-2147483647 -2147483647 -2147483647 -2147483647 -2147483647 -2147483647 -2147483647 -2147483647 -2147483647 -2147483647 -2147483647 -2147483647 -2147483647 -2147483647 -2147483647 -2147483647 -2147483647 -2147483647 -2147483647 -2147483647 -2147483647 -2147483647 -2147483647 234.37 573.3075 933.625 759.065 468.9025 303.6525 95.22 -2147483647 -2147483647 -2147483647 -2147483647 -2147483647 -2147483647 -2147483647 -2147483647 11.46 59.57 172.9625 398.49 206.08 171.5625 263.99 331.1975 467.7675 340.23 507.31 281.9375 660.57 785.0025 1296.66 1626.5 1443.8725 1640.965 1862.2475 2115.165 2287.2625 2170.12 2098.545
-2147483647 -2147483647 -2147483647 -2147483647 -2147483647 -2147483647 -2147483647 -2147483647 -2147483647 -2147483647 -2147483647 -2147483647 -2147483647 -2147483647 -2147483647 -2147483647 -2147483647 -2147483647 -2147483647 -2147483647 -2147483647 -2147483647 7.655 75.4625 225.2075 523.43 542.02 698.14 617.09 268.7625 -2147483647 -2147483647 -2147483647 -2147483647 -2147483647 -2147483647 -2147483647 -2147483647 -2147483647 85.6575 136.26 223.3325 139.5025 122.875 309.0375 284.2925 333.665 217.485 360.88 360.7225 462.3775 590.1775 1408.2175 1537.375 1654.4875 1378.115 1684.97 2201.59 2374.9375 2338.06 2418.515
-2147483647 -2147483647 -2147483647 -2147483647 -2147483647 -2147483647 -2147483647 -2147483647 -2147483647 -2147483647 -2147483647 -2147483647 -2147483647 -2147483647 -2147483647 154 -2147483647 -2147483647 -2147483647 -2147483647 -2147483647 -2147483647 3.3125 47.1975 125.8125 237.0875 342.46 389.2675 587.2275 351.7 -2147483647 -2147483647 -2147483647 -2147483647 -2147483647 -2147483647 -2147483647 -2147483647 -2147483647 87.385 255.7575 90.095 103.325 63.3525 254.5175 256.35 227.975 178.0125 201.7025 342.095 521.0925 682.725 1284.06 1388.9625 1177.705 1183.605 1261.3375 1993.525 2263.735 2417.82 2464.8325
