Scripts_&_data/Landscape_phylogeographic_analyses/Environmental_files/WNV_rasters/Elevation_WNV_16.asc
NCOLS 390 
NROWS 216 
XLLCORNER -128.0000208 
YLLCORNER 18.9999684 
CELLSIZE 0.1666666 
NODATA_value -2147483647 
[rows 189 to 215 of 216, columns 122 to 182 of 390]
-2147483647 -2147483647 -2147483647 -2147483647 -2147483647 -2147483647 -2147483647 102.7775 133.6075 333.4375 834.445 1071.175 1332.425 1920.7175 1784.695 2006.56 2464.8475 2572.9875 2296.895 1877.3275 2439.24 2449.1925 2306.255 2395.335 2438.315 2415.5225 2303.6175 2204.695 2053.87 2127.7975 2092.18 2031.1875 1991.9575 1969.3725 1968.07 2042 2078.1325 2273.08 2289.785 2065.775 2067.5325 1710.385 1555.1225 1900.05 1646.4925 1800.4425 1934.83 1903.07 1694.7775 950.83 1031.9725 590.3225 318.9 258.225 597.135 651.3775 394.73 131.895 121.4425 -2147483647 -2147483647
-2147483647 -2147483647 -2147483647 -2147483647 -2147483647 -2147483647 -2147483647 27.17 55.675 163.8325 314.3075 704.9975 797.6125 1515.3525 1384.58 1944.2825 2463.875 2168.275 1824.955 1958.245 2386.345 2272.8625 2465.9675 2198.495 2456.0075 2413.4475 2210.41 2100.715 2146.305 2089.85 2087.25 2007.9375 1966.8425 1972.805 2001.6725 2035.6125 2078.745 2216.28 2233.295 2238.44 2022.3575 1780.1725 1350.0275 1649.395 1508.075 1556.0475 1864.5825 1558.5 1723.4125 1461.3475 1447.6075 469.57 251.745 240.6125 556.965 908.865 659.64 202.1325 106.6575 -2147483647 -2147483647
-2147483647 -2147483647 -2147483647 -2147483647 -2147483647 -2147483647 -2147483647 -2147483647 3.5425 66.125 96.6175 183.6475 529.1475 1388.1925 1044.1325 1273.7675 1450.69 1748.08 1961.825 2103.355 2624.945 1839.3825 2189.195 2429.1075 2567.7 2338.66 2215.73 2275.7625 2358.9475 2127.9625 2127.1625 2024.8125 1987.1075 2021.9425 2133.835 2150.395 2067.3575 2094.4225 2237.7825 1964.69 2107.535 1986.2975 1408.1525 1477.51 1492.0575 1414.1725 1747.5625 1247.5725 1704.3325 1156.9625 1529.59 214.5075 166.22 177.8225 386.595 535.7025 525.06 232.0225 124.025 -2147483647 -2147483647
-2147483647 -2147483647 -2147483647 -2147483647 -2147483647 -2147483647 -2147483647 -2147483647 -2147483647 2 23.3175 221.7175 322.905 679.8675 706.37 1340.3975 1322.9225 2080.885 2222.6025 2103.205 2308.615 1613.5825 2112.615 2497.8275 2458.405 2159.315 2300.5325 2303.235 2294.685 2215.7375 2259.2825 2097.365 2067.545 2052.78 2181.1 2133.0725 2046.565 2066.7975 2055.365 1795.0975 1730.38 1861.01 1483.965 1478.43 1420.125 1146.225 1342.0075 1120.24 1326.5275 588.1425 560.79 114.9125 81.605 97.195 116.5175 191.5625 173.5725 145.195 89.2975 -2147483647 -2147483647
-2147483647 -2147483647 -2147483647 -2147483647 -2147483647 -2147483647 -2147483647 -2147483647 -2147483647 -2147483647 3 10.89 199.2575 300.4725 749.81 1610.2975 973.175 1847.15 1740.3525 1725.285 2257.76 1288.475 1856.255 2281.065 2000.365 2152.085 2448.8875 2368.0825 2141.935 2268.395 2394.0925 2204.52 2119.485 2116.2625 2145.865 2148.96 2038.6625 2007.7475 1937.93 1782.1975 1633.025 1807.32 1730.3025 1826.2375 1527.045 1116.3925 1036.67 1047.77 1253.0025 491.5775 335.6825 150.78 65.2875 52.255 64.9525 79.5925 69.99 54.6675 16.42 -2147483647 -2147483647
-2147483647 -2147483647 -2147483647 -2147483647 -2147483647 -2147483647 -2147483647 -2147483647 -2147483647 -2147483647 -2147483647 1.9675 72.5625 77.91 379.655 1360.5325 1022.795 1943.815 1235.1625 1512.28 2299.24 1306.8825 1664.0075 1934.595 1976.455 2173.115 2459.6275 2074.275 2133.7875 2241.67 2374.3725 2286.055 2101.18 2093.3075 2149.3375 2131.8475 2163.0375 2060.4975 2137.25 1865.5525 1681.3875 1731.365 1518.775 1665.135 1372.425 1198.0475 1067.6025 1158.6025 1388.0775 679.235 389.4125 247.0375 142.835 54.7875 26.5175 54.56 39.825 36.3175 9.075 -2147483647 -2147483647
-2147483647 -2147483647 -2147483647 -2147483647 -2147483647 -2147483647 -2147483647 -2147483647 -2147483647 -2147483647 -2147483647 -2147483647 3.865 16.305 282.3975 618.645 1304.645 1896.205 1211.755 1187.0925 2087.105 1492.445 1895.22 1703.9625 2113.845 2132.005 2122.085 2007.1525 2038 2196.05 2512.68 2260.9225 2018.94 2111.3975 2171.9925 2195.2525 2304.235 2204.7475 2057.155 1860.625 1849.845 1848.4575 1643.0475 1544.795 1194.545 1168.4025 1141.325 1168.18 1397.2525 1039.835 333.9175 294.7175 294.7875 57.0775 27.5975 16.595 7.7275 8.3775 9.9325 -2147483647 -2147483647
-2147483647 -2147483647 -2147483647 -2147483647 -2147483647 -2147483647 -2147483647 -2147483647 -2147483647 -2147483647 -2147483647 -2147483647 3.3975 5.785 112.13 546.71 825.3425 1735.7425 994.1775 1126.6375 1766.05 1624.0425 2244.01 1698.8525 2095.9575 1976.43 1968.8025 2063.685 1952.0125 2207.2925 2582.6025 2169.3725 1962.865 2114.9625 2168.8075 2205.6125 2340.6125 2256.5575 2107.2025 2017.86 1842.4675 2007.845 1677.7375 1485.8625 1191.51 1060.465 1042.095 1099.8575 1409.4275 1133.8725 412.67 222.9525 299.31 80.835 51.9875 33.49 35.96 7.84 5.515 -2147483647 -2147483647
-2147483647 -2147483647 -2147483647 -2147483647 -2147483647 -2147483647 -2147483647 -2147483647 -2147483647 -2147483647 -2147483647 -2147483647 2.465 3.205 20.87 152.2325 524.0725 1218.0325 923.545 1581.73 1249.2675 1558.39 2324.1825 1526.42 1709.92 1726.49 1824.485 2194.625 1886.91 2146.835 2342.9775 2126.0275 1938.59 2016.18 2129.0675 2249.4725 2193.3225 2186.76 2222.7925 2208.1475 1970.25 2003.0175 1988.3625 1380.545 1317.835 1078.2925 1034.1375 1169.1225 1384.265 961.5725 389.1175 181.44 251.5525 38.07 30.205 12.6625 11.0875 7.9975 13.3175 -2147483647 -2147483647
-2147483647 -2147483647 -2147483647 -2147483647 -2147483647 -2147483647 -2147483647 -2147483647 -2147483647 -2147483647 -2147483647 -2147483647 1.41 3.855 18.9225 56.4275 546.02 600.225 721.13 1112.04 1366.655 1334.1325 1965.305 1493.065 1807.37 1888.9775 1920.5975 2266.655 1735.225 1914.415 2115.2125 2010.3775 1938.325 2023.6825 2158.585 2175.0525 2216.6875 2231.7325 2183.32 2276.295 1914.61 1945.825 2076.345 1886.065 1723.1575 1116.4 1010.8675 1184.4575 1189.0975 872.055 383.065 192.7825 85.01 38.1525 27 31.445 32.1025 12.19 26.5675 16.3375 -2147483647
-2147483647 -2147483647 -2147483647 -2147483647 -2147483647 -2147483647 -2147483647 -2147483647 -2147483647 -2147483647 -2147483647 -2147483647 -2147483647 3.8675 9.555 76.485 223.29 642.78 617.21 1480.0275 1649.3975 1400.945 1890.9275 1247.55 2070.4 2049.03 1989.5125 2042.8775 1581.85 2007.175 2051.98 1871.67 1932.7925 1988.0975 2099.6775 2271.505 2237.4575 2218.0725 2363.0675 2034.185 1937.54 1910.99 1824.775 1906.0425 1681.25 1357.385 1113.2325 1051.4975 973.89 790.1375 402.62 257.415 65.835 84.87 39.9025 41.64 44.9375 33.385 43.0475 33.66 -2147483647
-2147483647 -2147483647 -2147483647 -2147483647 -2147483647 -2147483647 -2147483647 -2147483647 -2147483647 -2147483647 -2147483647 -2147483647 -2147483647 -2147483647 44.8975 443.2175 734.0875 897.3425 554.635 1194.765 1740.865 1629.6775 1548.5675 1486.9875 2140.9275 1930.9775 2131.375 1602.9975 1854.42 2189.8075 1896.105 1803.2325 1896.0125 2009.6 2144.985 2188.5775 2228.025 2249.73 2218.5725 1999.2275 2175.6575 2004.06 2000.08 1877.53 1472.3725 1312.1725 1315.735 1072.0325 1080.3075 731.7925 776.405 758.9125 241.2775 105.035 75.9425 53.4475 87.675 58.48 54.9 25.52 -2147483647
-2147483647 -2147483647 -2147483647 -2147483647 -2147483647 -2147483647 -2147483647 -2147483647 -2147483647 -2147483647 -2147483647 -2147483647 -2147483647 -2147483647 -2147483647 543.305 1148.2975 1165.2775 823.695 730.9325 1665.305 1791.025 1167.645 1882.465 2003.0975 2028.96 2196.565 1529.7825 2105.92 1944.605 1766.8325 1774.2825 1856.185 2007.555 1936.8325 2174.3625 2395.5975 2386.9425 2194.145 2193.2725 2105.5675 2054.525 2139.2675 2130.095 1727.69 1620.825 1387.66 1451.8725 1043.6975 847.5175 1516.2725 1588.0175 308.2525 162.9625 130.76 72.4325 130.7975 89.385 82.2 73.82 24.26
-2147483647 -2147483647 -2147483647 -2147483647 -2147483647 -2147483647 -2147483647 -2147483647 -2147483647 -2147483647 -2147483647 -2147483647 -2147483647 -2147483647 -2147483647 227.7125 877.52 1367.2025 1285.4225 1200.2575 1157.04 1354.99 1636.9425 1727.06 1737.1525 1717.0075 1590.1475 1810.52 1905.72 1769.06 1739.865 1780.1175 1836.3525 1885.2625 1897.18 2060.18 2371.565 2338.225 2327.3525 2074.13 1974.91 1985.28 2050.075 2166.105 2011.1925 2019.81 1746.72 1970.4725 1499.8925 1048.7425 1309.5425 1261.755 653.1575 252.245 158.535 133.6925 99.475 143.1 371.8025 213.5125 60.385
-2147483647 -2147483647 -2147483647 -2147483647 -2147483647 -2147483647 -2147483647 -2147483647 -2147483647 -2147483647 -2147483647 -2147483647 -2147483647 -2147483647 -2147483647 451.97 926.69 881.15 1105.9575 1368.5525 1195.8825 1146.965 1149.02 1511.8875 1752.4575 1250.8275 1555.2125 1859.705 1824.285 1832.0425 1852.8525 1864.6125 1940.77 1944.47 1851.6 1840.1725 1880.6325 2102.3075 2427.83 2224.6725 1972.43 1976.1925 2041.4625 2081.2125 2114.885 1983.095 1744.9925 1764.1925 1751.005 1317.84 1193.0325 1282.2275 826.9 657.47 584.9825 297.825 213.1325 145.53 179.775 130.845 93.84
-2147483647 -2147483647 -2147483647 -2147483647 -2147483647 -2147483647 -2147483647 -2147483647 -2147483647 -2147483647 -2147483647 -2147483647 -2147483647 -2147483647 363.355 241.6875 640.79 1012.2025 854.805 1347.46 1610.4225 1498.6175 1348.6725 1245.5275 1320.3775 1493.945 1733.16 1824.1525 1784.8775 1941.88 1981.88 2043.025 2094.655 1941.4025 1805.675 1799.2325 1780.0675 1798.0825 1976.5325 2200.765 1982.195 2002.845 2155.0025 2253.67 2452.6825 2250.2375 1803.17 1782.7175 2128.495 1560.65 1789.435 1216.1075 1652.4225 1089.9075 1028.22 481.44 394.955 365.7125 147.5 67.725 38.2875
-2147483647 -2147483647 -2147483647 -2147483647 -2147483647 -2147483647 -2147483647 -2147483647 -2147483647 -2147483647 -2147483647 -2147483647 -2147483647 -2147483647 48.6975 370.875 1201.8275 1601.005 1398.6525 1197.2475 1378.465 1557.58 1552.585 1504.35 1602.145 1586.6625 1496.6575 1635.4525 1702.4125 1842.285 2057.94 2037.2 2150.965 2090.115 1749.76 1808.4525 1810.3125 1766.5325 1843.6275 2047.7625 1988.1375 2002.3575 2171.945 2041.43 2041.2325 2053.87 2036.15 2157.67 2109.9625 1876.165 2057.275 1816.96 1421.535 1730.5 1290.3325 907.2025 562.02 277.4725 186.52 182.31 106.8925
-2147483647 -2147483647 -2147483647 -2147483647 -2147483647 -2147483647 -2147483647 -2147483647 -2147483647 -2147483647 -2147483647 -2147483647 -2147483647 -2147483647 237.7125 889.585 1361.5225 1764.5925 1854.465 1459.7875 1466.7925 1481.7075 1339.3725 1386.935 1686.67 1628.01 1558.6075 1565.785 1791.585 1680.5425 1788.35 1841.6275 1957.985 2050.5475 1940.675 2093.9575 1717.1025 1716.5875 1720.635 1748.455 1764.725 1812.3575 1865.2725 1901.675 1953.6575 1962.3175 1964.6875 1912.6275 1796.2125 1847.8775 2008.495 1997.4925 1698.3275 1666.08 1806.095 1465.1825 899.83 578.1075 274.7525 260.6075 135.385
-2147483647 -2147483647 -2147483647 -2147483647 -2147483647 -2147483647 -2147483647 -2147483647 -2147483647 -2147483647 -2147483647 -2147483647 301.255 488.5825 937.5525 1547.4325 1581.335 1556.86 1816.51 1643.9875 1723.1425 1728.575 1372.0625 1396.3475 1492.375 1785.9625 1630.03 1695.8675 1599.7475 1570.605 1625.805 1573.4025 1699.2575 1754.0625 1790.875 1883.86 1729.255 1747.715 1765.43 1740.735 1955.2 1929.2725 2020.725 2111.9525 2233.4975 1991.1025 2075.5575 2097.8725 2222.585 2044.465 1917.915 2023.6925 2112.6175 1874.9925 1851.62 2173.25 1422.725 1039.7675 532.86 320.15 152.435
-2147483647 -2147483647 -2147483647 -2147483647 -2147483647 -2147483647 -2147483647 -2147483647 -2147483647 -2147483647 -2147483647 -2147483647 50.86 345.2325 777.1875 836.04 1107.865 1615.29 1756.7675 1805.7825 1526.43 1650.63 1664.98 1822.5625 1514.275 1704.9525 1615.77 1519.435 1546.3875 1540.2575 1529.535 1571.49 1614.335 1816.2475 1714.8975 1765.895 1749.645 1964.815 1889.8125 1789.4075 1810.775 1982.745 2196.755 2329.715 2518.8175 2368.4825 2247.5125 2312.405 2480.415 2271.3175 2068.4825 2112.1675 2166.1475 2278.8775 2088.725 2103.3775 2097.0225 1379.315 941.135 502.8125 180.38
-2147483647 -2147483647 -2147483647 -2147483647 -2147483647 -2147483647 -2147483647 -2147483647 -2147483647 -2147483647 -2147483647 -2147483647 -2147483647 137.8875 141.2675 334.07 571.9675 882.49 1932.4775 1544.35 1447.3425 1317.5075 1574.695 2297.5275 1863.295 1548.51 1822.3175 1848.115 1947.21 1650.005 1612.1675 1604.0575 1690.7425 1995.3425 1905.1325 1817.2325 1973.49 2141.29 2039.9375 1927.8825 2053.25 1916.805 1952.8975 2327.0875 2434.725 2487.9 2620.425 2578.8275 2556.1525 2219.825 2110.135 2316.4175 2428.2325 2468.9025 2656.975 2300.635 2371.845 2182.845 1454.27 830.5975 563.6925
-2147483647 -2147483647 -2147483647 -2147483647 -2147483647 -2147483647 -2147483647 -2147483647 -2147483647 -2147483647 -2147483647 -2147483647 -2147483647 12.07 120.8425 321.325 356.0725 554.09 1457.5375 1650.6075 1400.675 1197.845 1418.1925 2174.575 1514.4875 1945.6925 2044.4825 2010.5125 2065.09 1861.9 1775.7275 1910.1075 1828.9375 1933.0725 2212.4875 2019.715 2073.1475 2248.0675 1971.5875 1864.8225 1872.0775 2175.1075 2375.3875 2121.5425 2299.015 2527.3375 2636.8975 2720.485 2643.63 2357 2264.7125 2319.5125 2364.9075 2406.325 2627.7125 2701.98 2674.115 2568.725 2030.8775 1605.6325 1595.6725
-2147483647 -2147483647 -2147483647 -2147483647 -2147483647 -2147483647 -2147483647 -2147483647 -2147483647 -2147483647 -2147483647 -2147483647 -2147483647 -2147483647 39.395 168.915 563.1475 582.1025 747.545 1147.3375 1010.325 975.56 1013.76 1699.8175 1928.6225 1700.985 1435.345 1545.85 1810.53 1834.86 1740.805 2146.5575 2392.03 2272.75 2533.6225 2267.02 2272.64 2268.995 2081.3625 1944.8875 2211.3025 2524.5875 2481.27 2252.0425 2750.3375 2784.725 2598.7975 2758.6775 2783.2425 2457.595 2358.015 2254.835 2350.785 2446.97 2560.3425 2613.1775 2803.3625 2655.7 2503.255 2307.775 2393.2175
-2147483647 -2147483647 -2147483647 -2147483647 -2147483647 -2147483647 -2147483647 -2147483647 -2147483647 -2147483647 -2147483647 -2147483647 -2147483647 -2147483647 -2147483647 90.2525 310.1475 458.3775 418.77 778.56 1613.115 1614.6375 1079.7275 1526.1525 2462.1075 1303.7975 1311.1375 1584.7725 1214.7225 1058.485 1285.68 1673.6825 2373.5225 2369.9625 2551.4575 2379.8 2128.805 2260.8575 2155.4375 2042.155 1651.2825 2321.8825 2361.2225 2157.635 2951.445 2734.465 2753.635 2573.47 2960.85 2853.0825 2358.135 2316.3725 2280.05 2636.96 2665.045 2568.6975 2583.4175 2733.0525 2679.7675 2606.0525 2466.065
-2147483647 -2147483647 -2147483647 -2147483647 -2147483647 -2147483647 -2147483647 -2147483647 -2147483647 -2147483647 -2147483647 -2147483647 -2147483647 -2147483647 -2147483647 -2147483647 127.39 308.715 527.5525 729.265 811.0125 1072.6825 1572.5075 1029.975 1410.9175 1068.4775 1527.625 1173.435 767.335 647.945 970.3875 1995.5275 2568.255 1830.1525 1591.5175 2172.745 2500.865 2600.63 2072.865 1817.665 1236.415 1837.1225 1669.45 1790.455 2625.2025 2636.2825 2660.1275 2605.155 2636.43 2993.6475 2427.835 2240.61 2302.815 3151.85 2824.375 2531.7725 2490.73 2494.9 2582.935 2604.46 2386.5775
-2147483647 -2147483647 -2147483647 -2147483647 -2147483647 -2147483647 -2147483647 -2147483647 -2147483647 -2147483647 -2147483647 -2147483647 -2147483647 -2147483647 -2147483647 -2147483647 -2147483647 75.185 171.1675 302.0375 409.7375 944.8875 668.0175 501.6125 656.2025 758.6025 1680.7725 1290.2725 604.625 426.365 600.325 1438.275 1511.3725 1095.7575 849.3125 1720.28 2143.425 1774.3025 1623.3075 1334.035 1174.0425 926.4825 805.4725 1449.3275 1903.9375 2330.7675 3023.865 2926.4325 2626.765 2910.535 3023.34 2420.0375 2306.77 2920.77 3069.1625 2286.805 2262.09 2886.475 2632.1675 2393.5675 2366.2675
-2147483647 -2147483647 -2147483647 -2147483647 -2147483647 -2147483647 -2147483647 -2147483647 -2147483647 -2147483647 -2147483647 -2147483647 -2147483647 -2147483647 -2147483647 -2147483647 -2147483647 -2147483647 -2147483647 -2147483647 167.785 431.845 301.6 444.0675 578.295 725.6925 1210.4775 1109.255 533.1675 317.4675 310.3925 336.975 484.7 528.8175 689.69 1399.265 1711.9325 1000.7675 929.985 921.83 785.34 737.18 701.215 989.6675 1590.28 2098.7525 2714.88 3357.3025 2695.7425 2877.7 2960.305 2940.69 2623.1625 2732.705 3364.295 2301.2325 2173.7975 2413.8375 2458.5425 2363.485 2472.2475
