Scripts_&_data/Landscape_phylogeographic_analyses/Environmental_files/WNV_rasters/Elevation_WNV_16.asc
NCOLS 390 
NROWS 216 
XLLCORNER -128.0000208 
YLLCORNER 18.9999684 
CELLSIZE 0.1666666 
NODATA_value -2147483647 
[rows 108 to 134 of 216, columns 122 to 182 of 390]
1982.8575 1971.2475 2119.0525 2224.265 2284.8925 2467.665 2567.87 3124.725 2927.6125 2684.855 2444.3625 2344.505 2426.315 2951.3875 3194.245 2599.455 2465.36 2379.8175 2286.9475 2206.105 2347.105 2169.675 2033.54 1843.775 1725.7975 1596.715 1508.74 1419.515 1347.6 1293.2175 1241 1195.4925 1175.2225 1144.6725 1100.3275 1049.2875 1007.425 964.18 927.54 888.3075 853.3 828.085 788.5225 773.1375 741.945 677.0825 639.01 614.3075 575.305 542.1875 567.255 575.5275 520.185 450.9575 406.325 381.1675 371.7825 382.9175 356.7725 356.7675 354.9
1950.7475 1990.935 2188.7875 2238.245 2357.655 2353.9825 2307.69 2925.575 2986.76 2732.3575 2474.9 2366.545 2562.2875 3124.8075 2989.645 2515.7775 2298.4275 2197.4475 2068.41 1950.0375 2087.275 2149.3375 2113.8625 1933.415 1781.535 1664.5325 1578.9725 1479.215 1407.18 1345.0325 1290.7275 1242.12 1197.89 1143.8275 1084.2625 1025.785 968.3475 929.53 892.655 862.2175 826.0975 814.2175 797.465 762.615 738.0425 703.875 665.07 651.5575 585.1225 542.34 522.0875 496.995 511.605 452.9825 426.5475 383.9525 357.0025 358.4925 337.3725 325.6725 325.4525
1964.705 2008.4 2167.73 2201.1025 2268.21 2197.9975 2233.7575 2664.2125 2860.5225 2583.21 2396.4475 2231.7425 2645.3275 3269.8925 2824.8375 2499.6575 2153.915 1942.0275 1845.1375 1921.3375 2154.8175 2141.5725 2018.14 1915.5975 1790.825 1697.59 1595.465 1476.4525 1406.775 1339.535 1280.7175 1228.28 1179.18 1135.31 1070.0675 1027.745 980.77 928.68 895.955 853.3575 860.2875 882.185 851.8575 824.125 770.4475 749.8575 707.43 665.2675 636.1475 616.5225 608.155 529.5875 463.085 478.47 431.5875 411.63 407.185 389.7425 358.5125 334.5625 319.6375
2046.65 2018.0175 2145.825 2234.0325 2309.7425 2288.0975 2277.535 2412.8625 2556.255 2245.8475 2212.2375 2124.3775 2265.8325 2819.4575 2857.3275 2748.3625 2021.75 1856.3625 1796.5375 1847.915 1961.9525 1930.0125 1893.5175 1858.8175 1737.47 1632.9775 1541.3775 1456.2375 1378.1925 1312.725 1265.825 1219.0675 1173.2275 1122.335 1073.4825 1045.3 994.645 961.1675 932.8875 900.7375 910.29 892.93 869.0675 833.9625 796.7675 762.9975 737.855 695.4325 659.9925 631.715 589.9075 564.5275 491.81 438.0875 418.44 399.74 415.2 396.615 396.1425 361.49 341.05
2139.02 2062.005 2133.075 2212.1075 2293.8075 2454.985 2136.31 2041.8025 1995.455 1953.895 2016.9325 2275.7225 2605.7 3054.08 2805.6275 2539.4825 2158.8375 1920.6325 1816.9525 1781.0875 1854.015 1857.345 1769.615 1713.36 1661.8925 1562.4975 1488.0825 1412.7175 1347.0025 1300.6925 1262.7075 1218.6825 1164.59 1120.06 1081.415 1048.4525 1013.3175 976.8 940.21 936.7025 914.045 881.3625 835.8725 790.4275 760.265 734.795 713.495 704.115 720.415 681.1 610.275 557.405 544.5675 518.23 467.0825 390.805 371.9225 380.3975 366.4 336.06 340.2975
2058.5075 2140.96 2147.9475 2209.7475 2516.1275 2778.4725 2693.045 2693.205 2155.195 1822.54 2069.8775 2520.615 3090.0925 2723.805 2454.185 2312.5975 2165.065 1971.5675 1890.21 1789.5075 1819.2975 1778.2475 1705.345 1587.1 1511.735 1491.7275 1430.93 1369.7675 1319.9675 1273.715 1228.42 1205.3175 1171.6825 1124.6975 1084.385 1054.9625 1015.135 982.815 973.1 938.66 901.6075 874.145 841.955 818.765 810.2825 787.4175 726.745 735.6275 722.8075 663.0075 632.155 582.1425 548.1225 555.3175 505.2675 415.795 361.3875 354.355 348.31 332.6775 314.39
2078.8925 2058.865 2051.535 2102.6125 2297.2775 2554.6725 2715.2225 2760.48 2127.2175 1790.54 2111.5425 3008.6525 3298.2025 2582.92 2206.0325 2129.58 2130.9825 1929.7625 1845.9025 1697.48 1743.185 1727.225 1615.885 1437.5025 1422.7825 1501.7425 1421.15 1334.495 1290.0225 1243.1425 1195.435 1193.5125 1177.3 1138.1025 1093.585 1056.915 1023.665 992.045 915.8525 843.6775 825.16 808.7275 789.51 753.0675 740.2025 731.8925 704.2825 679.64 656.105 640.3325 596.1375 576.785 567.2875 541.5125 522.335 459.3875 383.21 350.8125 329.43 324.3475 322.6075
2060.6475 2056.1225 1967.5525 1994.9775 2169.4475 2198.495 2458.2975 2256.7975 1953.165 1985.1075 2276.295 2862.6775 2974.84 2507.6025 2166.8725 2041.7925 1999.0675 1943.495 1838.5075 1636.3175 1601.065 1560.2575 1595.215 1353.07 1377.835 1439.0275 1400.2325 1327.7725 1249.575 1194.5725 1134.8425 1135.2625 1164.53 1142.0275 1069.9975 995.22 953.015 916.045 888.16 900.725 914.3375 908.9475 858.2875 820.025 774.41 734.9 712.45 673.5225 632.2375 578.8675 564.19 548.5475 554.77 525.245 513.065 479.0925 431.56 367.6525 357.725 352.2425 327.3975
2027.485 2089.2575 2040.0575 1914.115 1837.855 1790.5075 1968.0575 1736.18 1786.515 1921.8775 2164.235 2346.91 2465.9475 2278.3525 2037.0575 2055.4825 2033.7575 1972.1175 1773.44 1476.2775 1380.6375 1376.505 1433.915 1353.3825 1297.3175 1327.9025 1299.115 1249.9875 1182.2525 1117.0125 1072.2025 1044.4675 1046.1225 1063.565 1067.67 968.2775 989.825 980.545 971.125 971.87 971.635 933.6775 900.325 832.155 784.2725 766.5925 739.075 670.74 598.635 575.1175 533.4375 506.29 506.7375 520.165 491.0525 478.555 452.595 428.57 399.8775 384.17 360.5675
2262.795 2550.3625 2182.6575 1879.4025 1851.53 1786.0925 1692.3575 1661.26 1810.295 1877.9375 1923.515 2141.0875 2140.75 2007.41 1910.4025 1879.465 1805.5875 1695.44 1525.1325 1403.3825 1318.3725 1288.8475 1353.45 1265.035 1213.2225 1197.8725 1173.2375 1141.0975 1104.5525 1138.9325 1135.855 1094.715 1054.2625 1002.9675 992.2325 1010.205 1071.5025 1048.0675 1032.185 1005.505 953.1525 877.1025 817.8725 770.5975 741.975 687.685 666.37 651 629.79 614.74 567.1375 510.765 469.525 501.15 492.585 479.7825 469.3375 429.5625 407.675 400.8775 382.99
2700.855 2374.42 1997.7925 1808.635 1761.235 1731.1275 1609.81 2159.9 2048.72 2013.885 1976.8775 2112.4975 2092.835 1919.7825 1753.325 1660.3 1589.295 1589.825 1511.025 1397.545 1429.1875 1449.0025 1320.98 1228.1675 1229.6925 1206.9225 1216.3675 1176.8825 1179.6925 1251.455 1241.2375 1221.46 1170.45 1119.53 1088.775 1093.6325 1076.5075 1054.86 1023.68 998.115 953.455 883.51 847.635 786.995 696.945 659.3175 625.6175 594.4725 563.25 556.4775 541.3725 525.865 470.0725 455.8825 447.1125 449.235 421.26 412.645 388.0525 396.69 369.07
1992.0325 1912.4275 1843.29 1746.425 1692.53 1636.3025 1609.24 2109.3025 2105.9725 1932.2575 1946.365 2100.425 2092.1475 1912.2475 1788.165 1668.9125 1613.7075 1535.645 1477.7225 1451.2925 1421.4575 1371.9575 1341.695 1284.26 1236.825 1248.0325 1227.81 1213.8025 1292.8675 1275.8175 1253.83 1219.5775 1182.145 1152.9375 1117.5425 1081.51 1065.0425 1039.605 989.6675 921.9025 880.4625 820.875 763.54 700.5925 672.89 622.3575 597.74 576.2375 527.565 521.8025 501.0175 489.43 461.26 425.0125 422.81 411.8725 391.685 368.6775 350.2725 374.575 368.4925
1980.825 1817.3275 1737.2275 1668.5025 1655.1325 1559.22 1619.605 2033.425 2157.64 1909.865 1909.7275 2052.8675 2061 1922.4 1782.7175 1685.375 1616.96 1491.4125 1451.3625 1488.365 1510.245 1564.9025 1390.24 1351.655 1347.2175 1427.2 1386.1925 1340.2875 1305.4075 1273.995 1233.5075 1188.955 1161.1425 1145.93 1113.26 1066.81 967.6725 933.1925 953.785 824.4525 844.6875 793.675 738.5175 680.4075 635.375 602.97 567.5 529.2725 502.8525 485.9875 478.17 458.935 457.965 482.0675 496.16 417.3675 419.89 397.7125 364.115 334.57 330.8975
2144.2975 1871.6375 1967.65 1729.645 1578.58 1510.25 1605.7925 2203.78 2027.5525 1881.2525 1858.5375 1930.64 1970.915 1918.915 1811.9575 1711.93 1609.205 1528.745 1414.655 1365.9775 1419.31 1521.7725 1476.64 1460.2425 1431.68 1409.3275 1379.23 1346.6325 1290.3125 1243.655 1209.94 1181.045 1173.26 1159.66 1117.835 1076.5825 1042.1475 935.855 796.295 757.655 718.9475 734.465 673.185 617.4325 584.245 562.7375 531.2775 496.9 470.5825 441.3975 452.1875 436.6875 447.26 523.3675 485.38 392.5275 381.43 391.265 402.4525 365.415 331.18
2097.6975 1940.09 1934.2475 1673.775 1543.6275 1501.2525 1616.39 2244.91 1984.74 1890.405 1869.92 1944.62 1913.6575 1899.845 1828.77 1703.8125 1603.8525 1512.895 1428.6475 1326.205 1318.725 1396.6675 1411.82 1398.5675 1401.6325 1384.7675 1355.35 1314.085 1271.565 1244.875 1221.7025 1195.1125 1168.0425 1139.5925 1096.765 1059.03 1029.4425 978.815 873.5725 727.245 661.9275 614.855 589.2575 561.5075 541.3875 514.6425 494.2875 466.825 438.915 413.3475 404.8625 407.6725 400.065 394.4975 371.88 344.9925 346.805 348.695 374.755 354.32 332.4975
2038.9525 1887.7725 1815.605 1825.705 1525.7625 1511.795 1710.735 1881.1825 2045.935 2005.645 1965.23 1928.6125 1899.455 1922.0575 1805.06 1736.9925 1656.625 1535.04 1437.6825 1360.9225 1254.085 1268.2025 1302.9375 1325.48 1332.335 1333.635 1314.29 1280.7225 1248.98 1223.275 1194.7425 1162.945 1137.52 1117.935 1089.955 1057.9325 1022.675 1004.5725 979.63 825.7375 709.3475 654.875 625.995 583.885 568.56 530.11 493.2675 455.6275 438.8825 407.7975 387.455 400.99 361.685 346.84 334.895 322.5675 317.875 325.3375 326.67 318.815 320.32
2255.2625 2191.0675 1983.09 1732.4675 1509.4925 1610.1175 1861.325 1886.595 1980.31 1954.105 2009.4675 2146.5475 2032.7725 1902.7175 1781.41 1670.875 1578.2675 1464.605 1365.6 1290.6125 1216.98 1275.58 1357.685 1334.595 1264.675 1247.925 1247 1235.675 1201.945 1172.6525 1151.2725 1136.395 1118.4475 1094.185 1068.21 1040.69 1015.9725 995.385 965.84 823.18 715.0875 650.76 603.87 561.2725 523.4725 505.7875 481.74 475.7675 445.3125 412.245 374.6275 360.28 348.9525 333.9875 319.9575 304.5525 297.6125 297.4025 295.365 279.04 292.47
2161.9425 2175.92 2192.625 1922.3925 1530.76 1656.255 1800.5025 1688.515 1886.82 1904.9675 1913.8325 2007.5175 1983.6 1841.27 1690.8625 1599.1275 1500.215 1418.2675 1294.75 1237.8825 1195.775 1240.7075 1312.7375 1349.6725 1300.1 1270.0325 1235.0525 1215.3375 1205.6725 1184.5375 1158.4725 1113.485 1097.035 1074.6575 1054.2225 1025.0225 1001.9075 986.9275 962.1675 907.205 766.3325 689.895 628.8125 577.6475 561.645 534.3675 508.9525 444.4375 422.02 393.2775 375.4025 367.8975 350.825 332.515 318.115 299.8675 285.035 277.9625 276.9 266.1125 260.5975
2426.435 2254.12 2150.645 2025.0775 1533.2225 1539.5725 1551.8125 1634.595 1908.9675 1867.925 1752.635 1918.825 1976.7225 1833.9375 1686.5625 1544.67 1430.5975 1359.7725 1321.8075 1234.0075 1164.065 1227.31 1329.685 1373.6425 1355.055 1326.22 1290.88 1244.1525 1198.59 1159.37 1132.815 1085.3375 1070.5925 1054.765 1035.665 1011.9725 989.605 968.745 949.8725 929.8975 823.99 725.83 657.33 613.8875 540.2975 510.3475 478.55 452.0175 413.085 388.3175 370.1675 350.235 332.445 315.2775 306.38 296.2625 287.7275 274.46 266.84 258.6325 253.165
2281.91 2298.0275 1752.16 1572.3375 1443.42 1472.93 1462.6275 1758.125 1878.4075 1713.5375 1662.3775 2026.5825 2004.0875 1840.24 1702.1075 1544.8425 1419.84 1331.185 1214.5025 1176.0625 1174.795 1233.1075 1276.21 1357.43 1347.9275 1308.735 1262.3925 1216.5725 1181.0275 1148.3275 1115.0475 1072.8225 1047.595 1024.7025 1010.65 996.3025 977.055 955.47 919.56 913.43 847.1725 753.21 698.7625 599.3975 553.3275 516.7625 476.34 444.4325 408.415 380.6675 366.705 356.805 343.885 323.1975 306.4575 289.93 289.5 286.995 275.8225 295.515 319.0775
2048.165 2341.13 1693.05 1409.8475 1450.8375 1445.39 1437.9375 1687.3225 1565.12 1494.085 1707.23 2050.1875 2088.5025 2187.71 1995.7875 1562.0125 1360.495 1279.675 1161.3075 1098.77 1177.6325 1208.5675 1241.2325 1318.605 1339.2675 1293.705 1247.6975 1214.47 1177.015 1144.54 1111.06 1080.2575 1049.015 1017.865 990.6675 965.135 949.345 937.3525 900.76 811.14 766.2225 690.6275 639.35 577.8625 535.62 518.95 469.61 431.7825 428.1575 415.435 407.1725 388.8625 351.6675 327.9 313.4675 312.6825 321.07 318.1625 311.7975 326.6825 329.16
2025.695 1758.1875 1527.595 1487.8675 1453.0125 1518.095 1592.6 1502.1325 1332.8175 1468.09 1998.15 2572.0625 2086.03 1927.5625 1736.7775 1583.485 1361.8225 1244.1525 1133.4125 1085.095 1145.485 1162.6475 1228.665 1324.58 1295.8075 1266.2875 1222.7425 1190.8225 1161.5775 1131.025 1094.8225 1063.4875 1036.1525 1009.35 985.8 957.175 915.1075 834.4425 771.56 732.7175 692.585 666.1575 612.805 565.8125 530.045 499.2325 461.345 459.6725 449.4675 423.9675 418.945 381.5375 381.8375 365.61 349.5375 327.235 316.105 325.69 319.425 285.6075 296.3325
1837.87 1579.3025 1423.2825 1464.31 1534.5925 1883.1675 1740.6725 1283.8475 1268.1375 1367.3125 1865.215 2296.485 2324.1925 2039.7525 1797.82 1626.275 1417.83 1241.115 1142.9525 1074.3475 1099.2375 1127.055 1204.365 1332.3 1292.0175 1247.43 1203.1675 1166.605 1140.15 1111.6925 1076.0275 1041.265 1011.0225 987.55 970.4225 940.4275 909.9125 822.7625 737.08 697.9525 654.5375 624.655 595.72 562.285 530.7825 501.2925 490.695 479.395 449.3475 461.15 440.4625 385.4475 358.7475 359.185 362.1375 375.7275 344.74 315.07 285.5675 257.56 286.01
1798.0425 1502.4275 1418.825 1477.2525 1491.3375 1785.01 1474.53 1207.185 1225.98 1311.8675 1695.015 2413.835 2393.0675 2086.5625 1825.2675 1616.2825 1403.9775 1234.67 1145.24 1070.295 1052.0875 1121.0275 1213.5625 1324.2 1277.8225 1229.45 1184.1775 1148.445 1117.965 1087.1 1052.0475 1017.32 986.1475 962.46 947.715 920.255 879.6075 805.445 714.805 698.7175 673.385 648.1125 615.12 576.6675 542.8925 512.9175 486.26 463.335 446.9575 458.0575 425.6875 394.9275 374.6025 354.49 344.3925 370.8875 361.5475 351.4425 320.805 273.595 239.56
1732.4125 1446.1025 1506.025 1485.02 1391.835 1579.15 1564.4175 1192.33 1213.2175 1265.405 1624.6225 2588.5175 2376.04 2023.44 1800.815 1569.94 1394.38 1243.0125 1121.7175 1041.9475 1068.06 1117.7775 1203.0475 1300.605 1259.635 1208.485 1160.1725 1124.9575 1092.1825 1057.3925 1025.715 990.6875 961.2825 942.15 926.385 905.035 874.0925 776.31 790.0075 777.04 740.02 650.875 610.7875 573.8525 552.725 522.165 493.475 472.6075 475.2275 489.0025 411.0675 376.48 359.26 353.1925 345.4875 332.0525 308.15 326.1475 352.7925 328.9275 246.7925
1684.8525 1423.38 1322.27 1382.8125 1343.4325 1401.175 1596.7375 1208.1575 1211.835 1223.8225 1589.1475 2572.9975 2393.45 2038.845 1821.3775 1590.5825 1418.86 1258.2 1142.555 1042.0975 1065.5175 1073.9975 1096.2825 1166.7075 1213.475 1181.1825 1132.99 1101.4875 1067.975 1031.795 997.4125 965.595 939.975 919.08 904.5825 859.9275 803.3175 758.83 737.585 749.0825 728.9825 705.4075 642.775 603.0625 573.2925 555.7375 527.07 505.905 500.07 532.32 427.49 382.5875 382.055 395.565 396.4975 357.5675 305.3225 277.5425 311.275 316.645 272.9375
1539.6025 1426.36 1467.97 1386.8225 1314.9725 1330.3075 1594.27 1328.3925 1211.815 1225.9775 1311.3175 1842.2875 2031.0725 1893.7625 1725.7475 1745.2375 1517.4175 1313.4275 1146.1925 1033.94 1011.4475 1005.5725 1038.765 1082.5375 1123.305 1122.115 1087.6575 1081.285 1046.765 1014.1325 978.6425 945.1425 916.2375 895.61 873.0225 858.4675 791.12 743.1525 705.96 687.135 688.2825 722.375 690.03 643.99 595.695 558.375 530 507.265 538.755 537.1875 435.2175 411.9725 415.1125 459.26 409.5 318.2975 303.2175 280.06 254.22 285.3025 284.2775
