Scripts_&_data/Landscape_phylogeographic_analyses/Environmental_files/WNV_rasters/Elevation_WNV_16.asc
NCOLS 390 
NROWS 216 
XLLCORNER -128.0000208 
YLLCORNER 18.9999684 
CELLSIZE 0.1666666 
NODATA_value -2147483647 
[rows 27 to 53 of 216, columns 61 to 121 of 390]
1615.14 1758.2675 1844.2475 1604.0425 1398.8375 1229.32 2160.9725 2230.0725 2235.095 1962.72 1561.3225 1104.5175 1789.86 1412.87 2036.535 2061.46 2251.3025 1979.3875 1957.26 1772.125 1446.6 1291.2675 1199.9825 1093.23 1030.71 1004.2575 1023.095 1030.4 975.7075 924.9075 915.835 855.43 818.5 768.165 771.01 762.3275 745.7225 746.1675 746.325 767.96 773.675 764.085 713.0275 690.6025 736.31 797.045 787.02 781.9125 767.355 741.685 709.095 710.7825 720.3275 730.2125 722.48 715.89 712.4025 721.5175 729.5325 732.9875 758.6525
1027.87 1569.14 1719.3075 2002.5475 1622.805 1097.0875 2073.965 2198.045 2105.55 2142.585 1764.0025 1248.3625 1394.585 1667.975 1764.7325 1733.51 2096.3425 1798.0375 2141.12 2006.17 1728.4675 1403.7725 1343.68 1270.25 1088.035 1007.8925 980.085 976.3325 954.91 943.9725 891.84 836.07 799.99 773.51 752.695 767.1775 744.0825 745.63 748.935 755.0875 741.14 729.81 712.96 708.3475 769.51 785.005 792.0475 767.63 760.9525 741.945 730.1 717.39 735.4575 737.4325 741.3175 754.1275 736.24 750.5875 768.245 796.08 796.685
1345.1525 1615.345 1158.1975 1763.2325 1754.075 1166.8525 1830.5775 1968.3725 2135.7475 2125.3175 1798.0425 1489.7425 1066.2325 1508.655 1791.3575 2108.535 2050.6525 1667.085 2041.835 2058.165 1897.2925 1528.4025 1457.135 1293.5025 1092.465 1024.76 978.805 955.22 947.11 983.54 893.8725 836.0525 817.3125 795.655 779.615 782.0725 764.1425 752.0625 756.685 760.795 772.885 765.27 718.1825 710.945 759.5275 767.685 732.3675 735.0475 740.67 734.2875 745.1075 753.9675 746.18 771.3875 798.0075 803.3675 840.3975 846.14 838.7925 850.335 886.5275
1782.435 1929.2925 1126.9925 1765.3825 1814.7675 1026.9975 1865.0025 2035.125 2108.705 2095.5625 2026.33 1511.3725 902.9275 1777.3075 2038.0525 2012.6325 1946.9825 1562.8475 1977.5025 1949.5825 1688.0475 1537.07 1473.3675 1360.6225 1113.2625 997.3575 987.5075 957.515 970.41 960.28 884.7425 841.84 836.19 805.135 778.44 780.7725 760.285 773.365 764.9 817.765 823.8175 776.4075 761.295 795.6975 834.63 845.01 800.4925 820.6175 824.6575 782.4825 786.1775 813.2275 822.4 867.945 925.9875 916.7575 893.945 884.3125 892.7925 882.75 864.9925
1913.915 1429.1875 1284.085 1850.25 1944.2225 1007.375 1572.755 1847.33 1691.17 2024.8475 1869.9575 1265.07 867.2025 1588.0525 1950.54 1616.8875 1806.9775 1572.87 1754.21 1927.1725 1811.495 1464.7625 1336.0525 1438.8825 1253.4325 1003.0625 963.2725 937.9775 933.8175 907.9975 888.3125 863.905 853.16 834.4525 821.7725 833.2375 818.9325 805.8125 815.8175 842.355 800.9625 832.6425 940.73 1020.7625 1076.4 1106.3375 1070.915 1059.45 963.31 968.455 1026.4625 1116.5925 1094.1825 1092.01 1048.895 918.3625 907.655 916.7725 871.29 840.705 793.4425
1373.34 1172.6 1505.845 1330.58 1387.6375 1205.64 1256.2275 1931.9175 1845.0125 1695.4525 1570.3575 1139.7325 933.355 977.02 1659.89 1468.3375 1678.2975 1636.655 1623.4625 1782.61 1594.76 1360.4225 1194.69 1180.3 1085.0825 1078.895 1060.5875 978.3 1000.415 927.4675 923.56 929.105 932.405 922.45 909.7975 891.51 867.6775 852.4675 846.78 847.0075 835.42 875.6325 1006.365 1102.55 1197.8 1315.66 1317.575 1253.255 1160.38 1140.765 1115.97 1109.9225 1119.08 1086.13 987.48 937.1325 971.4875 957.265 917.0375 862.895 907.1675
1435.8125 947.3425 1395.33 1426.6775 1794.175 1587.095 981.62 1942.5975 1642.2325 1780.5125 1762.11 1372.58 1343.6925 1344 955.495 1217.915 1408.24 1717.3875 1815.9975 1848.1375 1599.5275 1489.8575 1370.555 1267.7775 1185.4625 1123.7375 1057.1725 1069.7325 1062.09 1009.6525 1014.2875 997.9975 987.7625 961.8525 949.6025 926.86 911.715 912.8625 904.2225 901.35 871.6025 863.815 925.42 1023.945 1115.755 1090.63 1073.495 1063.0575 1030.7625 983.3175 975.9075 982.9325 1010.1775 1029.26 939.7975 957.59 991.9575 934.5425 911.025 885.0875 865.215
1151.8825 1030.37 1295.8475 1225.03 1715.395 1745.7525 1282.1225 1222.93 1430.6825 1488.11 1606.3525 1397.985 1617.6925 1486.9675 1128.8425 832.4775 1210.9475 1569.2325 1875.8925 1740.865 1851.27 1882.6075 1905.035 1454.2225 1281.125 1207.35 1171.575 1132.88 1172.44 1190.465 1224.405 1215.8675 1170.045 1071.9275 1004.7075 951.0175 929.395 948.9925 954.44 922.6975 894.89 879.93 905.1925 975.7775 980.63 978.06 959.7225 954.875 958.905 936.9875 941.615 974.645 962.1175 944.3375 918.4425 917.9525 941.3525 934.5575 904.4475 875.285 821.0675
979.98 838.21 1210.4075 1089.3875 1699.5025 1639.1025 1449.1575 755.18 1120.925 1237.465 1301.695 1488.66 1471.0025 1437.0625 1510.8025 909.475 1127.675 1720.785 1828.965 1588.1575 1546.5675 1849.765 1984.0325 1676.1 1499.3725 1424.8075 1340.2725 1253.8125 1264.0625 1318.2525 1264.505 1194.35 1162.12 1162.3275 1070.3875 1026.4925 981.88 985.985 966.33 984.2475 995.84 983.33 969.715 922.0075 907.3525 876.195 875.1575 878.695 872.4975 900.51 890.7475 912.625 918.485 961.16 926.035 912.015 894.7775 875.5775 853.7975 848.025 830.035
737.955 998.35 1215.525 1227.1025 1553.48 1370.43 1568.24 1365.775 835.845 1185.4825 1473.8675 1659.185 1276.96 1310.325 1618.6525 1077.5725 881.5475 1555.8575 1744.065 1752.53 1306.465 1640.3925 1908.6375 1855.79 1923.72 1851.665 1469.935 1456.945 1392.84 1346.645 1275.1675 1249.3825 1245.51 1206.15 1176.8325 1052.5075 1084.4025 1269.4 1219.205 1230.675 1281.7725 1042.8275 972.605 917.6925 876.53 850.3675 850.8975 875.2175 850.6625 831.2175 823.3675 828.95 870.3575 989.5775 967.8075 930.2975 905.7125 883.5875 864.2475 835.715 802.7175
1071.45 1104.665 929.955 1400.61 1342.695 1046.3275 1461.4275 1665.5 900.5375 808.7275 1079.085 1297.705 1333.465 1467.7975 1444.9875 1309.63 1362.0825 1022.25 1631.48 1833.0425 1614.245 1237.5975 1470.385 1794.97 1810.695 1911.2875 1629.4475 1558.57 1441.1475 1324.2425 1281.37 1203.8675 1174.6825 1200.04 1110.105 1037.7825 1067.1625 1051.1425 1089.09 1165.4825 1145.8675 1055.0425 977.77 921.345 891.7925 847.0575 820.2525 870.4525 839.7775 814.6975 804.0225 789.9775 843.8475 908.05 965.7425 952.4225 926.38 892.2175 863.71 843.895 804.7275
976.645 1141.1825 1011.4925 992.9025 1149.4525 837.4375 1413.6125 1373.1875 835.64 1282.05 1150.4275 989.7025 1436.01 1275.92 1443.485 1155.9825 1435.785 1322.87 1409.8875 1228.5525 1610.3225 1520.8525 1282.5125 1250.16 1825.13 1885.6175 2010.4325 1597.2325 1401.45 1303.6775 1254.7825 1216.0925 1172.6325 1147.9575 1068.3975 1039.8325 1033.0175 1004.13 986.245 1037.9875 1014.82 1018.655 1007.63 955.3875 907.71 862.7075 845.865 804.55 817.735 800.1475 789.66 768.0725 763.0775 761.01 785 819.02 861.5925 858.2475 834.5125 806.745 746.605
845.4825 1170.4725 1077.61 887.1525 1060.775 807.5825 1253.4425 1120.44 768.28 1274.19 1496.645 950.605 1367.07 885.485 1093.3025 1077.9475 1366.855 1426.4225 1484.01 1234.63 1020.195 1115.25 1143.06 1432.9875 1464.455 1755.6575 1956.095 1642.6225 1484.1975 1364.8775 1265.075 1222.8325 1149.93 1108.2625 1074.5675 1037.2425 1003.6425 988.62 966.3525 956.275 953.165 940.7675 953.95 931.1225 908.77 873.1325 840.245 821.6 964.5525 1034.9675 998.5425 943.3225 893.25 836.445 777.54 736.065 735.895 750.2 776.9175 751.3175 702.785
627.94 1069.1725 963.625 716.2675 859.8975 784.075 909.69 764.7975 722.3525 1109.6875 1443.875 1178.4125 1604.3975 1199.8125 1193.0425 1145.12 1241.195 1243.17 1512.6125 1377.545 1006.9625 906.655 1324.36 1455.8975 1569.325 1607.805 1755.96 1898.8575 1856.7325 1611.6975 1371.1875 1259.715 1202.2825 1178.0125 1137.815 1072.3175 1044.4625 1046.08 1007.505 948.4525 923.745 905.6225 897.6925 877.5425 875.89 862.2975 832.2 1005.66 1288.655 1343.5675 1329.635 1212.685 1150.83 965.49 871.43 809.825 782.6875 781.0275 761.13 750.55 787.5425
671.195 814.07 741.61 731.6575 790.89 898.1525 794.1625 839.71 883.7225 1131.025 1010.175 1084.9 1256.7075 1561.97 1181.2075 1210.97 1256.9375 1295.87 1268.24 1309.5925 1289.01 1019.1525 930.7725 1458.8575 1439.4825 1627.1325 1763.905 1780.9 1896.13 1966.755 1713.055 1409.765 1307.6875 1245.995 1163.7575 1106.1775 1048.4375 1023.3325 1010.9675 1016.2475 995.1675 982.1225 942.48 909.9775 893.73 842.91 862.98 1066.16 1283.82 1331.3725 1322.5825 1138.02 1042.4125 954.11 955.875 1013.4975 900.915 820.8875 785.1175 745.935 752.605
666.255 692.7975 620.42 713.4975 1067.7225 895.23 755.9825 972.535 1146.1925 1181.4775 1231.215 1339.4525 987.645 1239.515 1351.775 1344.7925 1264.5775 1507.44 1313.775 1207.96 1322.0175 1099.6675 949.975 1383.7125 1561.7575 1615.9525 1579.4675 1846.1625 2004.9225 2020.4125 1953.6125 1453.6375 1303.425 1210.4775 1148.545 1113.565 1082.58 1053.2825 1024.5875 997.005 973.56 930.4475 905.6325 849.985 855.8425 896.1275 878.52 919.38 989.2525 1004.1025 1062.2525 1013.6425 945.11 952.64 1111.565 1279.53 1066.185 879.8175 825.7575 782.1275 734.94
716.5 639.325 606.83 666.84 724.215 723.9725 746.465 1061.21 1151.6675 1148.8125 1150.585 1161.845 1367.445 1052.24 1220.7175 1673.155 1233.3825 1442.4575 1324.7825 992.1125 1121.78 1014.7625 941.4125 1536.4825 1432.8375 1930.23 1685.345 1981.5225 2119.795 1795.2575 2114.995 1475.925 1314.785 1250.2625 1165.795 1182.57 1147.995 1141.8525 1127.5125 1080.065 991.06 934.5675 928.345 951.78 997.0825 961.2925 919.1475 898.64 883.7975 867.06 928.145 940.365 899.725 839.61 892.97 910.845 913.9975 859.8925 813.755 781.95 736.545
738.0675 732.65 675.0125 740.1025 884.415 883.9 789.0325 900.71 869.035 877.745 1058.3525 1135.2775 1530.18 1369.8225 1086.065 1261.3275 1350.7025 1167.7425 1333.71 941.6875 986.975 915.9625 1027.615 1860.05 1236.29 1999.145 1846.5475 1743.61 2119.1675 1871.595 1822.655 1401.985 1301.8 1287.29 1200.185 1162.0625 1130.0175 1080.97 1077.0925 1064.34 989.19 1016.66 1128.5275 1196.1975 1088.3825 987.4575 974.9525 949.905 988.645 940.655 1002.7425 997.8375 946.095 864.395 831.57 820.25 803.83 792.865 777.81 742.5725 762.3375
694.1575 707.42 743.6525 755.6575 794.435 814.8475 773.205 892.6325 1257.2925 1178.82 1345.1225 1321.7875 1420.1025 1475.28 1337.125 1365.0475 1385.3875 1102.8125 1229.62 1022.9975 1044.4925 871.6525 926.535 1959.465 1505.4175 1627.8475 2043.48 1846.415 1916.3575 2051.1675 1935.05 1525.575 1332.8125 1277.6325 1223.12 1170.5225 1094.7425 1052.7575 1084.5575 1100.455 1125.8075 1136.66 1326.9825 1613.7175 1352.39 1140.555 1045.1825 1069.805 1041.935 1040.4475 1106.6125 1095.895 1020.505 979.575 933.8775 888.37 873.875 848.5625 804.33 751.225 827.5
652.1425 670.025 720.0425 763.8375 820.71 876.335 985.4675 901.1525 979.7675 1035.8275 1105.785 1186.995 1303.465 1376.3825 1533.055 1456.4025 1221.0475 1215.9175 1539.09 1506.8825 1465.72 1143.6225 1115.34 1652.3325 1837.0375 1471.88 1794.9 1988.8175 2000.9425 2011.3225 2097.9175 1961.595 1611.9475 1319.8975 1260.67 1388.5325 1137.73 1102.96 1149.9925 1321.1125 1385.7575 1366.8725 1397.54 1383.765 1290.7175 1228.6525 1190.9925 1132.64 1087.9 1184.0675 1274.0325 1379.975 1304.5225 1084.185 990.935 945.575 912.115 881.345 836.3775 790.89 865.57
569.4075 645.9225 722.355 776.4425 812.3025 917.9425 1013.71 1062.175 1016.6125 1151.995 1407.8 1566.9375 1449.085 1495.8375 1467.66 1670.9125 1729.8025 1482.5225 1162.4125 1431.1375 1270.0525 1402.0975 1371.405 1940.075 1786.14 1539.495 1404.7275 1381.3025 1558.09 1736.845 2028.6775 1829.2575 1753.8425 1579.2075 1275.075 1245.9675 1562.665 1472.9225 1424.14 1484.5875 1786.4375 1733.725 1730.8475 1883.1875 1630.3875 1423.63 1308.135 1255.55 1176.6625 1211.6325 1285.2 1441.32 1229.7575 1116.75 1042.68 993.83 932.54 901.7275 870.735 817.9475 887.84
521.81 591.2725 680.895 748.4325 798.4375 846.45 906.695 1026.4275 995.6275 1128.17 1273.2975 1007.885 1130.2175 1393.7675 1364.0425 1620.77 1551.425 1793.165 1359.2175 1503.455 1489.07 1290.1275 1057.58 1404.91 1534.7325 1282.755 1342.0975 1674.6 1390.26 1454.6775 1638.365 1708.515 1789.395 1624.9125 1410.295 1397.45 1788.22 1802.5475 1665.7125 1544.6425 1789.83 2074.1 2099.6 2214.05 1987.9625 1636.785 1460.675 1344.2375 1276.8275 1442.2225 1550.5825 1536.015 1470.58 1336.8775 1222.3525 1044.5125 954.705 929.48 900.74 837.9275 892.9275
473.5525 498.72 620.9575 755.0175 795.5325 920.2725 859.49 832.72 959.5325 936.29 997.63 883.7475 1193.02 1153.6775 1323.66 1459.5025 1390.9875 1611.6575 1806.8175 1547.0075 1566.0825 1639.6575 1187.4725 1554.2525 1430.85 1488.0775 1564.335 1599.38 1591.33 1782.9125 1659.0925 1872.2275 1800.445 1556.415 1346.18 1228.41 1492.32 1825.5675 1800.98 1556.1625 1566.2975 1816.27 2008.2525 2142.145 2005.045 2010.515 1875.8625 1567.76 1399.6175 1740.2775 1984.885 1942.53 1565.2075 1341.44 1210.4425 1124.1925 1049.58 990.675 920.795 880.42 886.8675
406.05 531.6875 635.2525 714.0825 834.4775 845.8375 666.945 650.0825 878.2475 721.11 882.19 997.5075 1186.6575 1268.9175 1190.235 1587.6225 1562.075 1662.24 1595.3675 1648.9375 1934.0375 2080.9825 1123.2475 1430.795 1813.7525 1805.235 1766.425 1405.79 1425.585 1465.4275 1619.4625 1591.005 1743.2325 1677.905 1425.5325 1251.95 1305.69 1276.59 1796.5775 1865.695 1545.4475 1622.2425 1815.87 1785.02 1733.405 1713.68 1614.3175 1483.805 1388.5675 1386.8025 1438.1025 1411.525 1294.3375 1197.4775 1133.9475 1099.115 1042.1 986.5175 935.5 924.5775 950.825
696.275 848.38 815.395 571.995 512.1125 495.98 502.945 810.0875 802.57 744.7525 819.115 971.4475 1124.48 1471.35 1390.42 1416.94 1534.9725 1600.8275 1877.6325 1739.535 2032.8875 1651.6375 1101.74 1719.43 1941.745 1903.3225 1854.51 1800.095 2235.5125 1931.8575 1453.265 1845.635 2072.52 2143.805 1652.09 1778.8525 1987.785 1265.2475 1333.8175 1944.905 1857.4075 1639.125 1979.5425 1795.1075 1653.935 1528.465 1452.5425 1381.5025 1311.68 1268.6425 1229.44 1197.36 1175.6475 1121.5175 1068.9975 1049.0375 1061.855 1058.3375 1046.175 1027.6225 981.605
1156.295 1357.505 1187.8125 851.78 712.06 703.015 1075.635 1184.2075 1086.3975 966.4625 726.855 881.245 1086.65 1156.3075 1203.375 1721.2225 1784.755 1475.085 1664.9275 1898.1575 2100.4925 1642.73 1210.575 1942.4475 2162.7575 1867.02 1801.0575 2031.7125 2309.8425 1813.6275 1531.27 2058.51 2044.8325 1987.7075 1689.5275 2023.74 1831.395 1368.62 1289.745 1722.405 1810.275 1722.3925 1705.465 1957.29 2110.81 2011.33 1654.825 1497.335 1388.43 1260.715 1231.1525 1180.62 1147.735 1090.8125 1116.3 1178.5775 1201.4325 1171.43 1085.955 1016.02 958.255
1446.11 1367.935 1280.5575 1001.66 860.525 846.36 1293.615 1173.96 1225.1425 980.76 842.1075 661.555 1035.7225 1123.8125 1317.5875 1361.52 1390.36 1343.92 1558.14 1862.8375 2087.8175 1561.9825 1581.6475 1935.0375 2220.7225 2040.815 2182.475 2429.7825 2297.3225 1789.2775 1681.74 1888.3325 2113.64 2159.7775 1849.25 1516.02 1540.95 1323.94 1330.135 1642.95 1696.5325 1915.525 1704.5025 1697.6275 2325.1525 2368.1175 1712.5025 1510.46 1505.96 1423.1 1344.0275 1306.55 1267.0525 1203.9225 1177.8925 1117.19 1034.2725 1030.455 978.8775 945.88 923.015
