node1,node2,length,startLat,startLon,endLat,endLon,endNodeL,startNodeL,startYear,endYear,greatCircleDist_km,startGenotype,endGenotype,treeID
802,803,0.024588235116461,40.943758700069,-73.755824830179,41.1889573480853,-74.3286771900431,0.024588235116461,0,1997.97811864788,1998.002706883,55.2888381320057,NY99,NY99,78
803,804,0.0353575713480083,41.1889573480853,-74.3286771900431,41.2156555473463,-74.3147985858634,0.0599458064644693,0.024588235116461,1998.002706883,1998.03806445434,3.19138824963848,NY99,NY99,78
804,805,0.000733154491410204,41.2156555473463,-74.3147985858634,41.2159860663012,-74.3131674767621,0.0606789609558795,0.0599458064644693,1998.03806445434,1998.03879760884,0.141460556275055,NY99,NY99,78
805,806,0.256690937434801,41.2159860663012,-74.3131674767621,41.2510961310907,-74.4067685020104,0.31736989839068,0.0606789609558795,1998.03879760884,1998.29548854627,8.75685677176526,NY99,NY99,78
806,807,0.0481406001389182,41.2510961310907,-74.4067685020104,41.2853716334118,-74.3680796903871,0.365510498529598,0.31736989839068,1998.29548854627,1998.34362914641,5.00392706020258,NY99,NY99,78
807,808,0.0179593907354523,41.2853716334118,-74.3680796903871,41.2757109742274,-74.3655028464789,0.383469889265051,0.365510498529598,1998.34362914641,1998.36158853715,1.09685509763034,NY99,NY99,78
808,789,0.638411462855398,41.2757109742274,-74.3655028464789,41.3661653576646,-74.3563117187261,1.02188135212045,0.383469889265051,1998.36158853715,1999,10.0990101671817,NY99,NY99,78
808,809,1.273984393089,41.2757109742274,-74.3655028464789,41.3810581169324,-73.5313655376377,1.65745428235405,0.383469889265051,1998.36158853715,1999.63557293023,70.71058314526,NY99,NY99,78
809,9,1.085727069767,41.3810581169324,-73.5313655376377,41.5389445441008,-73.9888311286612,2.74318135212105,1.65745428235405,1999.63557293023,2000.7213,42.0182466303344,NY99,NY99,78
809,8,2.958927069767,41.3810581169324,-73.5313655376377,41.3188735382104,-73.0883517245235,4.61638135212105,1.65745428235405,1999.63557293023,2002.5945,37.6640607718679,NY99,NY99,78
807,810,1.451125813534,41.2853716334118,-74.3680796903871,40.5872855689903,-73.8897037295293,1.8166363120636,0.365510498529598,1998.34362914641,1999.79475495994,87.5091012655559,NY99,NY99,78
810,811,0.0350425950229294,40.5872855689903,-73.8897037295293,44.0767396489235,-71.9806587546019,1.85167890708653,1.8166363120636,1999.79475495994,1999.82979755497,418.994173721275,NY99,NY99,78
811,4,1.868802445034,44.0767396489235,-71.9806587546019,44.1628805276313,-71.9400273739307,3.72048135212053,1.85167890708653,1999.82979755497,2001.6986,10.12439203859,NY99,NY99,78
811,3,0.170202445033802,44.0767396489235,-71.9806587546019,44.170123694492,-72.1117908053735,2.02188135212033,1.85167890708653,1999.82979755497,2000,14.7609797928963,NY99,NY99,78
810,812,1.079466556212,40.5872855689903,-73.8897037295293,40.6546268469509,-73.9457189989577,2.8961028682756,1.8166363120636,1999.79475495994,2000.87422151616,8.86586879788215,NY99,NY99,78
812,6,1.125778483845,40.6546268469509,-73.9457189989577,41.4795137240587,-74.9991907989277,4.0218813521206,2.8961028682756,2000.87422151616,2002,127.476140540108,NY99,NY99,78
812,813,0.2407229949634,40.6546268469509,-73.9457189989577,40.6294250872027,-73.882631417608,3.136825863239,2.8961028682756,2000.87422151616,2001.11494451112,6.02251830206555,NY99,NY99,78
813,7,1.885055488881,40.6294250872027,-73.882631417608,40.8331079374754,-73.7375056746676,5.02188135212,3.136825863239,2001.11494451112,2003,25.7687118229989,NY99,NY99,78
813,5,2.635755488881,40.6294250872027,-73.882631417608,44.0688464982835,-81.5985381919931,5.77258135212,3.136825863239,2001.11494451112,2003.7507,740.879778860823,NY99,NY99,78
806,814,0.0436779608538913,41.2510961310907,-74.4067685020104,41.2631232709148,-74.4074056040068,0.361047859244572,0.31736989839068,1998.29548854627,1998.33916650712,1.33996896806028,NY99,NY99,78
814,815,0.0301054865997799,41.2631232709148,-74.4074056040068,41.277045998745,-74.4646663566736,0.391153345844351,0.361047859244572,1998.33916650712,1998.36927199372,5.03558592380854,NY99,NY99,78
815,18,4.340328006276,41.277045998745,-74.4646663566736,41.6017242297162,-74.0467309852203,4.73148135212035,0.391153345844351,1998.36927199372,2002.7096,50.2287483488459,NY99,NY99,78
815,816,1.488293398433,41.277045998745,-74.4646663566736,41.2268605216072,-74.4091315389217,1.87944674427735,0.391153345844351,1998.36927199372,1999.85756539216,7.26750882331738,NY99,NY99,78
816,799,0.863734607843401,41.2268605216072,-74.4091315389217,41.8628256492941,-75.2421527239115,2.74318135212075,1.87944674427735,1999.85756539216,2000.7213,99.1434129435523,NY99,NY99,78
816,800,0.142434607843501,41.2268605216072,-74.4091315389217,41.0594320692959,-74.2291116737139,2.02188135212085,1.87944674427735,1999.85756539216,2000,23.9826631252992,NY99,NY99,78
814,762,1.397833492876,41.2631232709148,-74.4074056040068,41.4890408203083,-74.2156686752968,1.75888135212057,0.361047859244572,1998.33916650712,1999.737,29.8171814236235,NY99,NY99,78
805,817,2.267994323648,41.2159860663012,-74.3131674767621,41.255170943964,-74.9038937991021,2.32867328460388,0.0606789609558795,1998.03879760884,2000.30679193248,49.6452790577525,NY99,NY99,78
817,796,1.317908067517,41.255170943964,-74.9038937991021,41.7038397648961,-75.1614892586585,3.64658135212088,2.32867328460388,2000.30679193248,2001.6247,54.3720718617147,NY99,NY99,78
817,818,0.963291842530101,41.255170943964,-74.9038937991021,41.3123419160977,-75.0596657201687,3.29196512713398,2.32867328460388,2000.30679193248,2001.27008377501,14.5022088750011,NY99,NY99,78
818,797,0.4094162249864,41.3123419160977,-75.0596657201687,41.6662715245233,-73.1428559127577,3.70138135212038,3.29196512713398,2001.27008377501,2001.6795,164.624033548259,NY99,NY99,78
818,798,0.434016224986399,41.3123419160977,-75.0596657201687,41.3706213490499,-75.084327084461,3.72598135212038,3.29196512713398,2001.27008377501,2001.7041,6.80744573121031,NY99,NY99,78
804,819,0.3308730644513,41.2156555473463,-74.3147985858634,41.1729519186122,-74.5094427524339,0.390818870915769,0.0599458064644693,1998.03806445434,1998.3689375188,16.9840439270532,NY99,NY99,78
819,820,0.00452816006952261,41.1729519186122,-74.5094427524339,41.2078579844151,-74.6471319777446,0.395347030985292,0.390818870915769,1998.3689375188,1998.37346567887,12.1717359150823,NY99,NY99,78
820,48,2.178434321135,41.2078579844151,-74.6471319777446,41.2047539713857,-74.4786281805745,2.57378135212029,0.395347030985292,1998.37346567887,2000.5519,14.1170389140951,NY99,NY99,78
819,1532,0.164467344037902,41.1729519186122,-74.5094427524339,35.1772342690328,-79.0478452417352,0.555286214953671,0.390818870915769,1998.3689375188,1998.53340486283,776.413422311541,NY99,NY99,78
1532,19,1.466595137167,35.1772342690328,-79.0478452417352,34.867675590412,-78.9692468245014,2.02188135212067,0.555286214953671,1998.53340486283,2000,35.1983445610713,NY99,NY99,78
1532,1533,1.447852214571,35.1772342690328,-79.0478452417352,36.9236916057781,-78.3117039441815,2.00313842952467,0.555286214953671,1998.53340486283,1999.9812570774,205.399851305874,NY99,NY99,78
1533,1534,0.780965629370199,36.9236916057781,-78.3117039441815,34.9166065911258,-77.4066615285186,2.78410405889487,2.00313842952467,1999.9812570774,2000.76222270677,237.864475121619,NY99,NY99,78
1534,46,2.237777293225,34.9166065911258,-77.4066615285186,39.9420196059218,-75.4048494584939,5.02188135211987,2.78410405889487,2000.76222270677,2003,586.722091938774,NY99,NY99,78
1534,1535,0.0276450931262904,34.9166065911258,-77.4066615285186,34.8890456847116,-77.3834998132375,2.81174915202116,2.78410405889487,2000.76222270677,2000.7898677999,3.72632685199373,NY99,NY99,78
1535,47,0.925232200099,34.8890456847116,-77.3834998132375,37.6041686024211,-88.4615127148828,3.73698135212016,2.81174915202116,2000.7898677999,2001.7151,1038.75092453069,NY99,NY99,78
1535,1536,0.2773347148187,34.8890456847116,-77.3834998132375,43.3635574784432,-78.0702052398102,3.08908386683986,2.81174915202116,2000.7898677999,2001.06720251472,945.26743525766,NY99,NY99,78
1536,1537,0.370143038085299,43.3635574784432,-78.0702052398102,40.7293251608308,-74.3202283116537,3.45922690492516,3.08908386683986,2001.06720251472,2001.43734555281,426.648234829127,NY99,NY99,78
1537,43,0.2996544471952,40.7293251608308,-74.3202283116537,45.7889569857521,-77.3929403816336,3.75888135212036,3.45922690492516,2001.43734555281,2001.737,615.76169869535,NY99,NY99,78
1537,44,0.2996544471952,40.7293251608308,-74.3202283116537,40.6657454494632,-74.1841782873547,3.75888135212036,3.45922690492516,2001.43734555281,2001.737,13.4889836815734,NY99,NY99,78
1536,45,0.669797485280499,43.3635574784432,-78.0702052398102,43.092750252396,-77.4180104530638,3.75888135212036,3.08908386683986,2001.06720251472,2001.737,60.8890203259097,NY99,NY99,78
1533,1538,0.389544334335898,36.9236916057781,-78.3117039441815,37.4050406381762,-80.6571605249232,2.39268276386057,2.00313842952467,1999.9812570774,2000.37080141174,214.858741708609,NY99,NY99,78
1538,1539,0.4067058614757,37.4050406381762,-80.6571605249232,36.8762028329035,-80.0226543604696,2.79938862533627,2.39268276386057,2000.37080141174,2000.77750727322,81.4642512886762,NY99,NY99,78
1539,42,1.222492726784,36.8762028329035,-80.0226543604696,36.9844527203,-79.9200820138425,4.02188135212027,2.79938862533627,2000.77750727322,2002,15.1174666665237,NY99,NY99,78
1539,1540,0.2871255926336,36.8762028329035,-80.0226543604696,36.8486574105932,-79.9710353284167,3.08651421796987,2.79938862533627,2000.77750727322,2001.06463286585,5.52639684837611,NY99,NY99,78
1540,1541,0.00318889326084282,36.8486574105932,-79.9710353284167,36.8055754024102,-79.9819957294923,3.08970311123071,3.08651421796987,2001.06463286585,2001.06782175911,4.89449041182217,NY99,NY99,78
1541,39,0.680078240889699,36.8055754024102,-79.9819957294923,32.8247561002702,-81.0359816004868,3.76978135212041,3.08970311123071,2001.06782175911,2001.7479,453.499027482848,NY99,NY99,78
1541,40,0.649978240889499,36.8055754024102,-79.9819957294923,36.7804037757081,-81.0733008748895,3.73968135212021,3.08970311123071,2001.06782175911,2001.7178,97.3282258827111,NY99,NY99,78
1540,41,1.63396713415,36.8486574105932,-79.9710353284167,46.4626891097418,-91.6884375495697,4.72048135211987,3.08651421796987,2001.06463286585,2002.6986,1444.41658092641,NY99,NY99,78
1538,1542,0.314283006863199,37.4050406381762,-80.6571605249232,38.2960467533923,-79.5845471256901,2.70696577072377,2.39268276386057,2000.37080141174,2000.6850844186,136.849990110695,NY99,NY99,78
1542,1543,0.0530390979487407,38.2960467533923,-79.5845471256901,44.0455353105035,-86.3858215920433,2.76000486867251,2.70696577072377,2000.6850844186,2000.73812351655,856.410729435672,NY99,NY99,78
1543,38,0.261876483447701,44.0455353105035,-86.3858215920433,36.5929020235944,-104.938027864994,3.02188135212021,2.76000486867251,2000.73812351655,2001,1774.20779329951,NY99,NY99,78
1543,1544,0.000164746100058011,44.0455353105035,-86.3858215920433,44.0376062044423,-86.380147380398,2.76016961477257,2.76000486867251,2000.73812351655,2000.73828826265,0.992641562876919,NY99,NY99,78
1544,1545,0.2753407432223,44.0376062044423,-86.380147380398,43.9725987814339,-86.2755400869916,3.03551035799487,2.76016961477257,2000.73828826265,2001.01362900588,11.069466147685,NY99,NY99,78
1545,1546,0.117062226255401,43.9725987814339,-86.2755400869916,43.2117694077702,-85.9106054477449,3.15257258425027,3.03551035799487,2001.01362900588,2001.13069123213,89.6635548935446,NY99,NY99,78
1546,36,0.6035087678701,43.2117694077702,-85.9106054477449,43.064151393014,-85.773624672186,3.75608135212037,3.15257258425027,2001.13069123213,2001.7342,19.846361505576,NY99,NY99,78
1546,37,0.6035087678701,43.2117694077702,-85.9106054477449,43.738560750627,-85.3950786968265,3.75608135212037,3.15257258425027,2001.13069123213,2001.7342,71.9275057814948,NY99,NY99,78
1545,1547,0.2697947112349,43.9725987814339,-86.2755400869916,43.4796439713639,-80.8289997987909,3.30530506922977,3.03551035799487,2001.01362900588,2001.28342371711,441.505521375816,NY99,NY99,78
1547,34,0.4535762828906,43.4796439713639,-80.8289997987909,41.7713080381443,-76.7242765440461,3.75888135212037,3.30530506922977,2001.28342371711,2001.737,386.216404129793,NY99,NY99,78
1547,35,0.513876282890401,43.4796439713639,-80.8289997987909,43.317380244421,-80.7379099140122,3.81918135212017,3.30530506922977,2001.28342371711,2001.7973,19.5086915115982,NY99,NY99,78
1544,33,0.963111737347599,44.0376062044423,-86.380147380398,44.0064554134877,-86.2470219066468,3.72328135212017,2.76016961477257,2000.73828826265,2001.7014,11.2067290995996,NY99,NY99,78
1542,1548,0.0819770283124299,38.2960467533923,-79.5845471256901,38.2792624630836,-79.7158942543874,2.7889427990362,2.70696577072377,2000.6850844186,2000.76706144692,11.6281104889003,NY99,NY99,78
1548,1549,0.1326865046712,38.2792624630836,-79.7158942543874,37.5076900819447,-79.2400297379422,2.9216293037074,2.7889427990362,2000.76706144692,2000.89974795159,95.5273449349435,NY99,NY99,78
1549,32,1.100252048413,37.5076900819447,-79.2400297379422,33.2671548273871,-85.1166748683959,4.0218813521204,2.9216293037074,2000.89974795159,2002,711.971420837046,NY99,NY99,78
1549,31,0.8016520484127,37.5076900819447,-79.2400297379422,38.0622246183835,-78.651253620608,3.7232813521201,2.9216293037074,2000.89974795159,2001.7014,80.5868722958078,NY99,NY99,78
1548,1550,0.00707706934889529,38.2792624630836,-79.7158942543874,42.8500089221082,-75.2581199713857,2.79601986838509,2.7889427990362,2000.76706144692,2000.77413851627,633.058638833121,NY99,NY99,78
1550,1551,0.00931578467882055,42.8500089221082,-75.2581199713857,42.8558203511722,-75.3062198906842,2.80533565306392,2.79601986838509,2000.77413851627,2000.78345430094,3.97847267668718,NY99,NY99,78
1551,1552,1.194529108118,42.8558203511722,-75.3062198906842,43.2832059131365,-74.8433038756919,3.99986476118192,2.80533565306392,2000.78345430094,2001.97798340906,60.6706473406214,NY99,NY99,78
1552,25,1.022016590938,43.2832059131365,-74.8433038756919,37.008137167811,-100.969794427588,5.02188135211992,3.99986476118192,2001.97798340906,2003,2319.3832135169,NY99,NY99,78
1552,1553,0.7750660969861,43.2832059131365,-74.8433038756919,42.545538473909,-74.1218139038901,4.77493085816802,3.99986476118192,2001.97798340906,2002.75304950605,101.013353393723,NY99,NY99,78
1553,26,0.893550493952201,42.545538473909,-74.1218139038901,41.5925918564216,-73.0387659805761,5.66848135212022,4.77493085816802,2002.75304950605,2003.6466,138.795596359924,NY99,NY99,78
1553,27,1.033250493952,42.545538473909,-74.1218139038901,42.8187377221818,-74.6830451853319,5.80818135212002,4.77493085816802,2002.75304950605,2003.7863,55.0861699888309,NY99,NY99,78
1551,22,0.9727456990564,42.8558203511722,-75.3062198906842,41.1345555099388,-77.9051725955749,3.77808135212032,2.80533565306392,2000.78345430094,2001.7562,287.990504950217,NY99,NY99,78
1550,1554,0.00481989460891441,42.8500089221082,-75.2581199713857,42.8476169124231,-75.2624811225588,2.80083976299401,2.79601986838509,2000.77413851627,2000.77895841087,0.44452887383684,NY99,NY99,78
1554,1555,0.008554748979682,42.8476169124231,-75.2624811225588,34.1629825249088,-81.8272558713788,2.80939451197369,2.80083976299401,2000.77895841087,2000.78751315985,1122.42130803997,NY99,NY99,78
1555,1556,0.000497123698725233,34.1629825249088,-81.8272558713788,34.3909181515426,-116.546817618737,2.80989163567242,2.80939451197369,2000.78751315985,2000.78801028355,3178.06529109632,NY99,NY99,78
1556,30,0.910589716447801,34.3909181515426,-116.546817618737,34.1190594231998,-115.500836022546,3.72048135212022,2.80989163567242,2000.78801028355,2001.6986,100.890247346627,NY99,NY99,78
1556,1557,0.000514822798114878,34.3909181515426,-116.546817618737,34.4025917506209,-116.548465137242,2.81040645847053,2.80989163567242,2000.78801028355,2000.78852510635,1.30833258643901,NY99,NY99,78
1557,24,1.21147489365,34.4025917506209,-116.548465137242,44.9211799475994,-117.04132812054,4.02188135212053,2.81040645847053,2000.78852510635,2002,1171.72494301075,NY99,NY99,78
1557,1558,0.4083022887482,34.4025917506209,-116.548465137242,34.4848079434078,-116.615743475234,3.21870874721873,2.81040645847053,2000.78852510635,2001.1968273951,11.0417865363776,NY99,NY99,78
1558,29,0.5538726049015,34.4848079434078,-116.615743475234,33.9568988445996,-115.502699722862,3.77258135212023,3.21870874721873,2001.1968273951,2001.7507,118.113932834537,NY99,NY99,78
1558,28,3.212972604901,34.4848079434078,-116.615743475234,30.8347131769047,-87.6423930385822,6.43168135211973,3.21870874721873,2001.1968273951,2004.4098,2736.18898096107,NY99,NY99,78
1555,1559,0.2571507670252,34.1629825249088,-81.8272558713788,34.2572013065214,-81.9066747856368,3.06654527899889,2.80939451197369,2000.78751315985,2001.04466392688,12.7856680482186,NY99,NY99,78
1559,20,0.6567360731213,34.2572013065214,-81.9066747856368,33.7973870784027,-80.2010796931828,3.72328135212019,3.06654527899889,2001.04466392688,2001.7014,165.4751827094,NY99,NY99,78
1559,21,1.596436073121,34.2572013065214,-81.9066747856368,34.9374511318583,-80.1853083352808,4.66298135211989,3.06654527899889,2001.04466392688,2002.6411,174.974197014724,NY99,NY99,78
1554,23,1.051141589126,42.8476169124231,-75.2624811225588,42.8581960403678,-75.4092620740452,3.85198135212001,2.80083976299401,2000.77895841087,2001.8301,12.0368052888488,NY99,NY99,78
803,1560,0.0137920542149494,41.1889573480853,-74.3286771900431,41.2086166667523,-74.3591994743278,0.0383802893314105,0.024588235116461,1998.002706883,1998.01649893721,3.36544222186462,NY99,NY99,78
1560,1561,0.019021280023928,41.2086166667523,-74.3591994743278,41.2293542695796,-74.4200409078552,0.0574015693553385,0.0383802893314105,1998.01649893721,1998.03552021724,5.59335443966345,NY99,NY99,78
1561,1562,0.313367633896302,41.2293542695796,-74.4200409078552,41.0253075761202,-74.3773092577591,0.370769203251641,0.0574015693553385,1998.03552021724,1998.34888785113,22.9961523271853,NY99,NY99,78
1562,1563,1.683510288696,41.0253075761202,-74.3773092577591,41.2130350531538,-74.4194412438105,2.05427949194764,0.370769203251641,1998.34888785113,2000.03239813983,21.1951474461152,NY99,NY99,78
1563,1564,1.075175068815,41.2130350531538,-74.4194412438105,41.2475420930671,-74.4518777374748,3.12945456076264,2.05427949194764,2000.03239813983,2001.10757320864,4.70443492751008,NY99,NY99,78
1564,17,1.571926791357,41.2475420930671,-74.4518777374748,41.4817940380576,-74.2379241218443,4.70138135211964,3.12945456076264,2001.10757320864,2002.6795,31.6164804625199,NY99,NY99,78
1564,1565,0.0191229840955103,41.2475420930671,-74.4518777374748,41.2397666715717,-74.4558461691734,3.14857754485815,3.12945456076264,2001.10757320864,2001.12669619274,0.927140910358178,NY99,NY99,78
1565,11,1.607503807262,41.2397666715717,-74.4558461691734,41.2143096970305,-74.7491914152354,4.75608135212015,3.14857754485815,2001.12669619274,2002.7342,24.7239009319003,NY99,NY99,78
1565,16,1.563703807262,41.2397666715717,-74.4558461691734,41.4809965481882,-73.6687988727099,4.71228135212015,3.14857754485815,2001.12669619274,2002.6904,71.034122003785,NY99,NY99,78
1563,1566,0.141340655889802,41.2130350531538,-74.4194412438105,41.1132570727341,-74.3516547164591,2.19562014783744,2.05427949194764,2000.03239813983,2000.17373879572,12.4761925193248,NY99,NY99,78
1566,15,0.492961204282798,41.1132570727341,-74.3516547164591,41.1031603265915,-74.0977818834503,2.68858135212024,2.19562014783744,2000.17373879572,2000.6667,21.3242634038491,NY99,NY99,78
1566,1567,0.593456612993299,41.1132570727341,-74.3516547164591,41.1971350049073,-74.5679201100059,2.78907676083074,2.19562014783744,2000.17373879572,2000.76719540871,20.3907989523728,NY99,NY99,78
1567,12,0.917704591289398,41.1971350049073,-74.5679201100059,41.3255778057331,-75.3336797535667,3.70678135212014,2.78907676083074,2000.76719540871,2001.6849,65.6568446703318,NY99,NY99,78
1567,1568,0.3040728667188,41.1971350049073,-74.5679201100059,41.3786333814708,-74.6094925569271,3.09314962754954,2.78907676083074,2000.76719540871,2001.07126827543,20.5021735840616,NY99,NY99,78
1568,13,2.558831724571,41.3786333814708,-74.6094925569271,42.527164200825,-75.7216545756255,5.65198135212054,3.09314962754954,2001.07126827543,2003.6301,157.559432749536,NY99,NY99,78
1568,14,0.627331724570599,41.3786333814708,-74.6094925569271,41.5579357179307,-74.6046952083906,3.72048135212014,3.09314962754954,2001.07126827543,2001.6986,19.96464141306,NY99,NY99,78
1562,761,4.253812148869,41.0253075761202,-74.3773092577591,41.030686718734,-74.4017602166223,4.62458135212064,0.370769203251641,1998.34888785113,2002.6027,2.13896248871899,NY99,NY99,78
1561,1569,0.276849683223301,41.2293542695796,-74.4200409078552,41.2988912510542,-74.608101580773,0.334251252578639,0.0574015693553385,1998.03552021724,1998.31236990046,17.537763933745,NY99,NY99,78
1569,10,1.391730099542,41.2988912510542,-74.608101580773,41.2747241197892,-74.5481276669818,1.72598135212064,0.334251252578639,1998.31236990046,1999.7041,5.69270812215734,NY99,NY99,78
1569,1570,0.0480599349942423,41.2988912510542,-74.608101580773,41.524055482935,-74.6405467563688,0.382311187572881,0.334251252578639,1998.31236990046,1998.36042983545,25.2121001605353,NY99,NY99,78
1570,1571,1.6290316365,41.524055482935,-74.6405467563688,41.6960605585154,-75.2795209204492,2.01134282407288,0.382311187572881,1998.36042983545,1999.98946147195,56.526706564008,NY99,NY99,78
1571,1572,0.0484169122050204,41.6960605585154,-75.2795209204492,41.6810962139592,-75.3343444016483,2.0597597362779,2.01134282407288,1999.98946147195,2000.03787838416,4.85257435331063,NY99,NY99,78
1572,766,0.628821615842199,41.6810962139592,-75.3343444016483,41.6515892165044,-74.9682057534809,2.6885813521201,2.0597597362779,2000.03787838416,2000.6667,30.6255220071227,NY99,NY99,78
1572,765,0.680721615842199,41.6810962139592,-75.3343444016483,41.6045601672067,-75.2965583550022,2.7404813521201,2.0597597362779,2000.03787838416,2000.7186,9.0816855727851,NY99,NY99,78
1571,1573,0.3305878050354,41.6960605585154,-75.2795209204492,41.887867783109,-76.9056048740501,2.34193062910828,2.01134282407288,1999.98946147195,2000.32004927699,136.640917469473,NY99,NY99,78
1573,764,1.430650723012,41.887867783109,-76.9056048740501,41.8773083313344,-76.8757032006093,3.77258135212028,2.34193062910828,2000.32004927699,2001.7507,2.74297325978466,NY99,NY99,78
1573,763,1.392250723012,41.887867783109,-76.9056048740501,41.8263352205601,-76.9043899540031,3.73418135212028,2.34193062910828,2000.32004927699,2001.7123,6.85078374810288,NY99,NY99,78
1570,1574,0.0103907027753785,41.524055482935,-74.6405467563688,41.5351190011501,-74.6425004054021,0.39270189034826,0.382311187572881,1998.36042983545,1998.37082053823,1.24234858335088,NY99,NY99,78
1574,801,2.153779461772,41.5351190011501,-74.6425004054021,41.571556971073,-74.8409097890875,2.54648135212026,0.39270189034826,1998.37082053823,2000.5246,17.019540976584,NY99,NY99,78
1574,1575,1.365880919989,41.5351190011501,-74.6425004054021,41.5389348312267,-74.0620964771916,1.75858281033726,0.39270189034826,1998.37082053823,1999.73670145822,48.3662318524867,NY99,NY99,78
1575,788,0.263298541783001,41.5389348312267,-74.0620964771916,41.6264720097052,-74.7014540136538,2.02188135212026,1.75858281033726,1999.73670145822,2000,54.1237378324561,NY99,NY99,78
1575,1576,0.242145735345499,41.5389348312267,-74.0620964771916,41.5980677342756,-75.2720706021443,2.00072854568276,1.75858281033726,1999.73670145822,1999.97884719356,100.990744031645,NY99,NY99,78
1576,1577,0.751703967075901,41.5980677342756,-75.2720706021443,41.5271288337326,-75.2110886759488,2.75243251275866,2.00072854568276,1999.97884719356,2000.73055116064,9.38975424786804,NY99,NY99,78
1577,1578,0.0321828987732715,41.5271288337326,-75.2110886759488,41.5349279708531,-75.2686844150564,2.78461541153193,2.75243251275866,2000.73055116064,2000.76273405941,4.87773208667661,NY99,NY99,78
1578,1579,0.0751166559739698,41.5349279708531,-75.2686844150564,41.5344016696276,-75.2401533136665,2.8597320675059,2.78461541153193,2000.76273405941,2000.83785071539,2.37827570470254,NY99,NY99,78
1579,1580,1.088521604823,41.5344016696276,-75.2401533136665,41.5957668419236,-75.2224669030929,3.9482536723289,2.8597320675059,2000.83785071539,2001.92637232021,6.98844154849517,NY99,NY99,78
1580,779,0.794127679791201,41.5957668419236,-75.2224669030929,41.5756239952349,-75.3037231922114,4.7423813521201,3.9482536723289,2001.92637232021,2002.7205,7.1278137461693,NY99,NY99,78
1580,780,1.073627679791,41.5957668419236,-75.2224669030929,41.7203955269321,-75.3139362355179,5.0218813521199,3.9482536723289,2001.92637232021,2003,15.82308215214,NY99,NY99,78
1579,1581,0.207105675496999,41.5344016696276,-75.2401533136665,41.5263330561643,-75.253809246786,3.0668377430029,2.8597320675059,2000.83785071539,2001.04495639088,1.44981998005689,NY99,NY99,78
1581,776,1.702943609117,41.5263330561643,-75.253809246786,46.4693837989844,-108.432694246456,4.7697813521199,3.0668377430029,2001.04495639088,2002.7479,2692.54469674503,NY99,NY99,78
1581,1582,0.118165103278901,41.5263330561643,-75.253809246786,41.1050017458731,-75.0681194549414,3.1850028462818,3.0668377430029,2001.04495639088,2001.16312149416,49.4071414231269,NY99,NY99,78
1582,775,0.4560785058385,41.1050017458731,-75.0681194549414,41.9830742486616,-76.3898742938716,3.6410813521203,3.1850028462818,2001.16312149416,2001.6192,147.249463112848,NY99,NY99,78
1582,774,1.436878505838,41.1050017458731,-75.0681194549414,41.097080845157,-75.0445577037734,4.6218813521198,3.1850028462818,2001.16312149416,2002.6,2.16432730070895,NY99,NY99,78
1578,1583,0.0221248421128202,41.5349279708531,-75.2686844150564,41.5184876771877,-75.2886699784932,2.80674025364475,2.78461541153193,2000.76273405941,2000.78485890153,2.47466858588328,NY99,NY99,78
1583,781,1.889141098475,41.5184876771877,-75.2886699784932,41.5396409828159,-75.3668133409464,4.69588135211975,2.80674025364475,2000.78485890153,2002.674,6.92508790061679,NY99,NY99,78
1583,1584,2.639736379267,41.5184876771877,-75.2886699784932,41.8558119761806,-74.4127316632051,5.44647663291175,2.80674025364475,2000.78485890153,2003.42459528079,81.9330472623497,NY99,NY99,78
1584,777,0.205504719208001,41.8558119761806,-74.4127316632051,41.9655936444684,-74.4352785905296,5.65198135211975,5.44647663291175,2003.42459528079,2003.6301,12.3632431766596,NY99,NY99,78
1584,778,0.224704719207999,41.8558119761806,-74.4127316632051,41.8446899981198,-74.407959993763,5.67118135211975,5.44647663291175,2003.42459528079,2003.6493,1.29983180843175,NY99,NY99,78
1577,1585,0.417920942358101,41.5271288337326,-75.2110886759488,41.5743430116977,-75.3484036881606,3.17035345511676,2.75243251275866,2000.73055116064,2001.148472103,12.5895708433433,NY99,NY99,78
1585,1586,0.05360719449037,41.5743430116977,-75.3484036881606,41.5648293668659,-75.3695190101598,3.22396064960713,3.17035345511676,2001.148472103,2001.20207929749,2.05291737381218,NY99,NY99,78
1586,782,1.493820702513,41.5648293668659,-75.3695190101598,41.396713155368,-75.606510213247,4.71778135212013,3.22396064960713,2001.20207929749,2002.6959,27.2201034440721,NY99,NY99,78
1586,783,1.411620702513,41.5648293668659,-75.3695190101598,41.5288289248394,-75.3219637096368,4.63558135212013,3.22396064960713,2001.20207929749,2002.6137,5.63562114538226,NY99,NY99,78
1585,784,0.698127897003399,41.5743430116977,-75.3484036881606,41.3765353177442,-75.0241381503795,3.86848135212016,3.17035345511676,2001.148472103,2001.8466,34.8771827923172,NY99,NY99,78
1576,1587,0.293026875203303,41.5980677342756,-75.2720706021443,41.4976625743018,-74.8334535916947,2.29375542088606,2.00072854568276,1999.97884719356,2000.27187406877,38.2145332979574,NY99,NY99,78
1587,1588,0.0929238322574477,41.4976625743018,-74.8334535916947,41.5180441441276,-74.7829848116455,2.38667925314351,2.29375542088606,2000.27187406877,2000.36479790102,4.78021284500068,NY99,NY99,78
1588,1589,0.376332928082901,41.5180441441276,-74.7829848116455,41.443783639513,-73.9294097987782,2.76301218122641,2.38667925314351,2000.36479790102,2000.74113082911,71.6672928412962,NY99,NY99,78
1589,786,1.009569170894,41.443783639513,-73.9294097987782,41.7508358403332,-79.7716068266676,3.77258135212041,2.76301218122641,2000.74113082911,2001.7507,487.475248564965,NY99,NY99,78
1589,1590,0.014110022137741,41.443783639513,-73.9294097987782,41.4378054794517,-73.6641714278064,2.77712220336415,2.76301218122641,2000.74113082911,2000.75524085124,22.1448864308268,NY99,NY99,78
1590,1591,0.308377695046598,41.4378054794517,-73.6641714278064,41.831593811622,-72.9236553377374,3.08549989841075,2.77712220336415,2000.75524085124,2001.06361854629,75.6166769624095,NY99,NY99,78
1591,1592,0.0310998762549914,41.831593811622,-72.9236553377374,41.8307774016641,-72.9285594157189,3.11659977466574,3.08549989841075,2001.06361854629,2001.09471842255,0.416817134913596,NY99,NY99,78
1592,1593,0.1186196219269,41.8307774016641,-72.9285594157189,41.6126937426537,-72.9278917271874,3.23521939659264,3.11659977466574,2001.09471842255,2001.21333804447,24.2779806352231,NY99,NY99,78
1593,773,0.4250619555276,41.6126937426537,-72.9278917271874,41.5948998299703,-73.3669621833986,3.66028135212024,3.23521939659264,2001.21333804447,2001.6384,36.6030898036044,NY99,NY99,78
1593,1594,0.6660261178368,41.6126937426537,-72.9278917271874,42.5746232986743,-72.1322153408255,3.90124551442944,3.23521939659264,2001.21333804447,2001.87936416231,125.647486702468,NY99,NY99,78
1594,769,0.800135837690799,42.5746232986743,-72.1322153408255,41.7885207391215,-71.433097325782,4.70138135212024,3.90124551442944,2001.87936416231,2002.6795,104.805864574736,NY99,NY99,78
1594,770,0.6658358376908,42.5746232986743,-72.1322153408255,42.3677008653868,-72.8782792677262,4.56708135212024,3.90124551442944,2001.87936416231,2002.5452,65.4499626365149,NY99,NY99,78
1592,1595,0.0206791122191703,41.8307774016641,-72.9285594157189,41.8202829998214,-72.8843111389921,3.13727888688491,3.11659977466574,2001.09471842255,2001.11539753477,3.85210110960915,NY99,NY99,78
1595,768,0.6983024652352,41.8202829998214,-72.8843111389921,41.4483323493108,-72.4754704422218,3.83558135212011,3.13727888688491,2001.11539753477,2001.8137,53.5880357992649,NY99,NY99,78
1595,772,0.602402465235199,41.8202829998214,-72.8843111389921,41.8815087084545,-72.7804967430177,3.73968135212011,3.13727888688491,2001.11539753477,2001.7178,10.9802016774873,NY99,NY99,78
1591,771,0.6459814537094,41.831593811622,-72.9236553377374,41.7496065003178,-72.8146561196186,3.73148135212015,3.08549989841075,2001.06361854629,2001.7096,12.8512491106118,NY99,NY99,78
1590,767,1.074859148756,41.4378054794517,-73.6641714278064,41.280104988508,-72.6748925955996,3.85198135212015,2.77712220336415,2000.75524085124,2001.8301,84.5053201892235,NY99,NY99,78
1588,785,0.348302098976701,41.5180441441276,-74.7829848116455,42.0331916773989,-74.3821504033304,2.73498135212021,2.38667925314351,2000.36479790102,2000.7131,66.3037715550046,NY99,NY99,78
1587,787,1.371925931234,41.4976625743018,-74.8334535916947,39.7148417978424,-78.6900030501832,3.66568135212006,2.29375542088606,2000.27187406877,2001.6438,381.557140010328,NY99,NY99,78
1560,1596,0.283183557053899,41.2086166667523,-74.3591994743278,41.2292922184569,-74.390397513405,0.32156384638531,0.0383802893314105,1998.01649893721,1998.29968249427,3.4817540533138,NY99,NY99,78
1596,2,0.7003175057351,41.2292922184569,-74.390397513405,41.2393570473796,-74.2342485678363,1.02188135212041,0.32156384638531,1998.29968249427,1999,13.1203738165091,NY99,NY99,78
1596,1,1.355117505735,41.2292922184569,-74.390397513405,41.1922700596779,-74.8328898896093,1.67668135212031,0.32156384638531,1998.29968249427,1999.6548,37.2862664598126,NY99,NY99,78
802,1597,0.365692688599999,40.943758700069,-73.755824830179,40.9513753005816,-73.9284425220123,0.365692688599999,0,1997.97811864788,1998.34381133648,14.5391282413187,NY99,NY99,78
1597,1598,0.0240845516586212,40.9513753005816,-73.9284425220123,40.9521761929657,-73.9373641778058,0.389777240258621,0.365692688599999,1998.34381133648,1998.36789588814,0.755400675771064,NY99,NY99,78
1598,1599,0.00688283947106427,40.9521761929657,-73.9373641778058,40.9701669829674,-73.9030824378115,0.396660079729685,0.389777240258621,1998.36789588814,1998.37477872761,3.50953991462191,NY99,NY99,78
1599,793,4.244421272391,40.9701669829674,-73.9030824378115,39.9254114329111,-107.482994644853,4.64108135212068,0.396660079729685,1998.37477872761,2002.6192,2829.61096444411,NY99,NY99,78
1599,794,1.367721272391,40.9701669829674,-73.9030824378115,40.9994413527586,-74.0592545732167,1.76438135212068,0.396660079729685,1998.37477872761,1999.7425,13.5227370705833,NY99,NY99,78
1598,795,1.333504111862,40.9521761929657,-73.9373641778058,41.1271213130746,-74.0933149735389,1.72328135212062,0.389777240258621,1998.36789588814,1999.7014,23.4684356365048,NY99,NY99,78
1597,1600,2.379512123587,40.9513753005816,-73.9284425220123,40.86331179387,-75.0184098840055,2.745204812187,0.365692688599999,1998.34381133648,2000.72332346007,92.2265249911123,NY99,NY99,78
1600,791,0.9588765399336,40.86331179387,-75.0184098840055,40.895579701907,-75.0372523998937,3.7040813521206,2.745204812187,2000.72332346007,2001.6822,3.92672553210749,NY99,NY99,78
1600,1601,0.0525378402916594,40.86331179387,-75.0184098840055,40.8499996537372,-75.8196490544426,2.79774265247866,2.745204812187,2000.72332346007,2000.77586130036,67.4800972680999,NY99,NY99,78
1601,790,0.821438699641901,40.8499996537372,-75.8196490544426,41.012469480809,-75.8123242168546,3.61918135212056,2.79774265247866,2000.77586130036,2001.5973,18.0972588117448,NY99,NY99,78
1601,792,0.9803386996421,40.8499996537372,-75.8196490544426,41.0051056603024,-75.3543941164964,3.77808135212076,2.79774265247866,2000.77586130036,2001.7562,42.7724600610486,NY99,NY99,78
