Landscape_phylogeographic_analyses/Environmental_files/WNV_rasters/Annual_mean_temperature_WNV_16.asc
NCOLS 390 
NROWS 216 
XLLCORNER -128 
YLLCORNER 19 
CELLSIZE 0.166666666666667 
NODATA_value -1.7e+308 
[rows 88 to 109 of 216, columns 98 to 146 of 390]
6.76331251591788 5.77206249818361 3.94155209876772 3.99038539829295 5.49288540522684 6.42951043916401 6.95069789490663 7.34330210555345 7.58769791511198 7.85095833738645 8.10802082096537 8.29897915773715 8.66946874838322 8.67435417464003 8.59477081273993 8.37844792815546 7.47022915201766 7.45039583242033 7.38310417878286 7.0934166611017 6.68316667266966 5.4828437519706 5.09169793283703 5.52547915704781 4.52003126376197 3.7930729201665 3.19168750745788 3.14291666476735 3.55764583812076 2.28738541046065 1.8798229227444 2.92039582861374 1.97023957638652 1.51957290516293 1.6400833252895 0.499114615823297 1.59398958764117 5.38569792788864 8.92160417791456 9.51954165535668 9.55358328903094 9.61404165364366 9.6764479124904 9.87621875785529 9.7882291720792 9.68547917648296 9.7073958752444 9.73181248169082 9.79468749680867
8.32748960346605 6.96176042749236 4.96228124581103 3.86397917751068 4.46605209412761 6.12817710832072 6.5719895667086 7.13147915589313 7.71532290428877 8.19920829854285 8.77503123204224 9.04011457522938 9.04799999195772 9.2006145301469 9.02483333344571 8.71937500685453 8.53131246147677 8.22034374283006 7.04638541148355 6.92776040876439 6.93902081057119 6.43969790853589 5.6661666600509 4.70563545646049 2.89057291367014 1.96733331610449 0.942864602072708 0.485020825098521 2.78141664852349 2.45398958440637 1.90556252565875 3.70412499868854 3.69159377819233 2.67699998933676 2.85979166951923 1.36604167600308 0.848635428153405 5.27599999661713 9.46109375924182 9.81281248437396 9.78919793896178 9.74686452515016 9.75589586410206 9.7255103829472 9.80590626967993 9.77203126786117 9.87918751591133 9.94299995638236 9.85734373730763
6.58548957986447 6.27133334135093 5.38711456242406 4.5224791662525 4.47826043100213 4.84661460767287 5.19401036834461 6.0630000003924 7.19151044140259 8.12235418443258 9.16668746225575 9.30398958906881 9.31680213347621 9.35381252361791 9.24121875739123 8.79379166134944 8.48142709132905 8.27748957617829 6.63342710297244 6.99421871795009 6.81343749681643 5.76093750179522 4.9088958297895 4.16427084513028 3.02099998918614 0.977083330013556 -0.180750014115668 0.893750006352396 3.81144792065606 4.52019793402481 3.87620831713866 2.79649998368404 2.8808124881131 2.21692707740294 1.23458334723667 1.14138541002952 2.2947083330364 4.60189583265067 8.41742710691566 10.2090000294071 10.2307083540654 9.87867704954988 9.79933334139544 9.72211456795533 9.73498961158718 9.6626041259345 9.68209372385172 9.77251042625479 9.72737499812623
6.44837496433562 5.91470834287369 3.34640625856506 4.03685415264044 5.90587500387725 6.03770835147831 5.94304168953871 6.00836456870214 7.21323959925212 8.41659373929724 9.19455206283116 8.99745832527211 9.15942708713313 9.12100001983345 9.03981250508999 8.76081250530357 8.2024479584458 7.63585416755329 6.29535418164839 6.20091664564097 6.29294793846202 5.65559373683936 4.59960415422756 3.54661459624428 2.81267711150091 0.252041692190687 0.668645825363152 4.29167710264058 4.42645833418404 3.48557293685735 3.05421875973116 0.864687521699428 0.526531240349868 1.4455833435956 -0.652802083849868 0.473364574747393 3.45995833755781 4.94835414348442 7.83907293018031 10.2456874989342 10.4131353880124 9.8958124843266 9.57611456660864 9.53473957736666 9.6127812001699 9.53769795480184 9.6407708330662 9.67617709038313 9.6528229420231
8.48609371793767 6.98340625385754 2.68863543081291 4.48123954991267 8.14928125000248 8.95196877808 8.871156234527 7.50616666876401 5.40393751675098 8.29265620435278 8.09598959888293 8.18266667456677 8.74361457691218 8.69369790516794 8.69401043653488 7.66693749558181 7.55286456954976 7.10505206510425 5.94978125745547 6.25371874219854 5.33786456657011 5.53854165718803 5.72380208972997 7.82088538849105 7.16968749416992 4.75386461804252 3.46928128488071 4.19183337441063 4.3116354024775 3.48946875038867 2.14237497695528 1.84662497517032 0.0617500250033724 1.370010413472 0.130145822641983 -0.56423959031478 1.05962500128468 4.22890626662411 6.13765627413037 9.65386458808401 9.88756249306122 9.59200001178154 9.23705211530129 9.2077396006013 9.32606249535456 9.3123021000841 9.34002086574522 9.53750000053939 9.17255206421639
8.60230211137483 4.26010414107198 3.3031249930209 5.48667706789759 8.48059376096353 9.15772919446075 9.55308331194101 9.85702085196196 7.91006251692306 9.21570831521725 8.18319791047058 7.23782291573783 7.97657291715344 8.31498955884793 8.71282293476785 9.59116665132266 10.1376562178581 9.73494793750191 7.65091667432959 7.87621874921024 8.66302083714011 8.45111456790862 4.99526043303195 5.55948957049016 5.76902083432166 3.12957291582522 5.47226042756559 4.46916665595684 2.52037500250541 1.70131249520879 -0.254041656943931 -0.230708335332262 -0.430625003311434 -0.791010400901238 0.311822915073814 1.98549999361906 1.95560414334856 4.62238541338593 5.85962499523399 7.65329167363234 8.96813540300354 8.77729170660799 8.45057290419936 8.68007292567442 8.86700001234809 8.8683541828456 8.8613021094352 8.67709376352529 8.46681248722598
6.07217709270238 2.88252082415662 5.36610419606829 8.08555205756178 9.00953124739075 8.87476038644187 8.90948960307772 10.4071978582069 10.1758020902053 10.5706458628799 8.99361457477789 6.50935417879373 7.66793750354554 9.75497912917005 10.9733020719141 11.132270883536 11.0291979387742 10.8656666317256 10.5173437043074 9.25800002535106 10.2048020559208 8.61400001771593 6.43413540767506 4.23094794693558 3.17235416322365 1.82245836122699 3.17307288976129 1.55401042825542 3.053239585012 0.766124996182043 -0.714916661420527 -0.24807293904693 -0.391385429386088 -0.0686562256068767 2.29298957925251 2.91146875250464 2.13334376427035 2.55094793102277 6.02000000859456 5.29043749622845 7.3340416633784 7.3823125170311 7.40764581498418 8.09310416924806 8.43361456133425 8.51854168437421 8.58482291735709 8.59076041479906 8.75017706941192
4.54192706768905 3.20498958854781 6.25274997312226 9.0257916864939 9.45009374993 9.3862604029661 9.56606249988545 10.6204687538557 10.9788750217607 11.1876874668524 10.0447708413703 9.04251039057271 10.0124062703301 11.2971146055497 11.5818541251744 11.4184062181351 10.4985624694576 10.0894791414418 11.3465104318845 11.5450520839853 7.47239585744683 4.38346874347189 2.26948959359045 1.07879165563888 2.30215625990725 4.15164580312558 1.57026039240494 -1.11001043193392 -1.15165624711274 -0.700624989643111 -1.99575000576442 -0.710229172836989 0.834093739518721 0.913562497439367 2.806229155045 3.07467706354024 2.92563542061563 3.93286458263174 4.33328124609155 4.06865625774177 5.34354168359035 6.42103124860053 6.51544794300571 7.62182292637105 7.97841668102046 8.10056249983609 8.30132292071357 8.71464580421646 9.1045000028486
5.55390626022321 5.58329167861181 8.41884373050804 9.33241671058446 9.02868749007272 8.79020833296818 9.21195835311664 11.0826145727187 11.6096145889411 11.7851458533357 11.5362082781891 11.3252916643396 11.544468752419 11.8019895500814 11.9635833126182 10.2046770715921 7.65317708868921 6.85613540752092 8.74836458129964 11.3702499873762 9.41277083851552 6.28213543291592 8.18015624790375 6.02150002173342 6.29255208502824 4.67607294311407 2.83562499035907 -0.102927097808182 -0.25694791371158 -1.04039583959578 -0.573479190877454 -1.45280208883865 0.9768020717529 2.41209374570947 2.62100003062127 2.93682289199205 3.18063541329078 3.50677085718295 3.4816250076207 2.1586458174279 5.67538542905822 8.25820831876869 7.92633335963668 8.40447916649282 8.03549998936554 8.41535416416203 8.88501041180765 9.30629167405035 9.64652085925142
3.02435415455451 6.54696874810664 9.77304164198965 10.2932604269396 9.11789582180791 8.98972917045467 10.1977187583689 11.4288229262456 11.7263958528638 11.9767291409274 11.5733229219913 11.7914791638032 11.9207395880173 11.8509895422806 11.3169791635592 10.7443854217806 9.07492706079036 6.27172917374022 6.78573955752654 9.15553123439895 11.0513333122556 11.2776354364275 10.84913544481 9.51906250335742 7.1985312285445 2.1837083408609 0.858322930548942 0.637843763091951 1.15581250186854 0.625812517643984 -0.594697893371631 -1.29716665338977 0.614281221098887 5.04870832392286 2.36451040068278 2.33719791699938 3.15160416163659 3.88630207426225 4.48750000480019 1.63481252497998 4.2547499933183 9.50503126923771 9.53489582589827 9.46569791820366 9.10226043387471 9.24279164941981 9.67617704529645 10.0623333325639 10.0226562802321
3.81848960188654 6.78292709608407 10.3941771008685 10.4767395596912 11.0544791404779 11.2792708054185 11.0210729014749 11.0199895780534 11.16948953333 11.7175000406181 11.4562083330626 11.322322932072 12.5679166745394 10.9722603844324 6.78109373921082 7.36401044161661 10.1717291637033 8.14970834957048 5.41885415853661 7.31157294210668 8.93293748834791 10.1646979021013 10.1541457986653 7.21915623652603 5.29101042007096 2.03464582444091 1.79838542831809 1.7848333187867 2.91142708202824 1.81333334095931 0.799520849696516 -0.543833348487775 0.219541669813528 5.75001042615622 4.07893749484598 2.74359374218087 3.7308854185588 6.29977082107992 7.54647917519712 6.51095833932049 8.23118750520128 10.1064687542287 10.4470208360253 10.4073958448474 10.0421145834456 10.0541770598211 10.3996979003132 10.7268229083468 10.6020520795913
6.21764582399434 5.89286460584844 10.281322911634 11.8056978841002 12.1736354486396 12.2058228927975 11.7472916431725 11.1037291837856 10.8776875358696 11.7836041829238 12.0288854166865 12.5623645378898 11.6983437308421 10.510416649767 5.347187480021 7.03156251524342 10.2169166754623 10.5342500033439 8.02479166446452 5.67038542930823 5.33227083354723 7.22137502379095 8.95492707790497 7.6735520970445 4.42991666471789 3.23669790198134 3.56133336189669 3.19886459084228 2.31386459058558 2.59737501883258 2.31321874914768 1.43551040043531 -0.00382291788749472 2.45545833386859 3.53887500984517 6.13008331847474 6.91469791881779 7.61516666711638 9.50932292822593 10.9683541674943 10.9395624862518 10.9258437296376 11.1036145701849 11.1302708231378 10.8293229194824 10.7292291504952 11.0344166673409 11.2827083539839 11.1930937782551
5.32135417224102 6.15965623625865 9.41607294049269 11.9668020708486 11.9106875164434 11.6853541582823 11.8940416555852 11.6583853826548 10.6568541675806 11.2404791706552 12.2888333255736 12.4641041415744 10.7162916696107 10.2182604198356 8.83236459580561 9.01416664184459 10.1876562665806 9.78846877574324 10.1300416365702 8.8861874951981 6.59031247782676 4.80877082437898 5.41884373388408 6.92545834043995 2.91637499060016 0.989666661109368 2.2596145918263 1.98694793654916 0.55123957755859 1.42119791354829 0.924062505602099 1.71857289843805 1.98034375080897 2.54684376160246 4.42813540927212 2.06256249047874 5.33734373755093 6.09855206993719 5.13596873688463 8.99952086451231 11.0056042042173 11.3879687246711 11.6449478998159 11.4566353615373 11.5247707969199 11.3871770516659 11.5335416685169 11.5102812756474 11.6008854495982
2.03487500373255 2.49838543318765 7.80884373238465 11.007406224031 9.81781249691267 8.03121874132194 11.9603541751082 12.4243958264124 11.4458124923209 11.3766145631671 11.1427812205317 10.9716145818432 10.5341874911496 9.50818748999154 8.89384371663133 8.4105833483239 9.635739607979 9.6453541846325 8.93791667247812 7.709156258575 6.69691667633136 5.65100002733137 3.65882293402683 4.16305207050512 0.869593745776608 -0.717458350418989 0.431541662682624 0.434864573966479 -0.297322899966578 0.503031231851007 1.55771873728615 2.50419792028697 4.0590937631423 5.24431250859925 5.62936456214326 3.4529895803959 1.65075002419326 5.27067709953068 3.24226039134859 4.61961459137456 9.45689585880609 10.960864587687 11.3465728989492 11.6480312300846 11.8363333636274 11.7914582310865 11.6844479075323 11.637218794475 11.8242916719367
6.83420835114278 8.58997917435772 10.1474375386024 10.4924999990035 11.1729062652642 8.9885833375932 12.0137187541889 13.2211354185614 12.2184375422075 10.4951979519489 9.0245208066796 8.13677086483221 7.56203122019845 6.97557293546076 7.82637497169587 7.78947915649042 7.7129270938846 8.38101040959979 8.51353128192325 6.29093751703719 4.03961460897699 2.88034372472127 2.46082293184008 -0.449416663347317 -1.26540625525134 -1.10368750674146 -0.359385424160185 -1.07113544074916 -0.730270806341044 -0.660406258129418 -0.271666683120808 1.94592706455539 4.66466669228006 5.47374999633636 5.78926040387402 5.87857292375217 1.61442706434658 3.7358854188448 5.02937498987497 3.26994792269155 8.02145834943319 10.5840625191825 10.9516145724338 11.220177034537 11.7463750165577 11.8728437383349 11.9384478634844 11.8966979254037 11.9969582923998
9.61091670079137 10.8456250329424 11.6402187555407 11.2602916676551 12.6271562640153 13.2092395665289 12.6860416777684 13.8784062043608 12.2626041746116 10.1312396067272 7.68519790602537 7.65254165810378 8.34729165793397 7.78379166456095 8.81155210814904 8.30334377847612 8.22668751856933 7.45840623703164 6.38530206225551 5.77541667301601 3.85632290997698 2.03100001144291 0.62942709066192 0.0895624701079214 -0.863072915410157 -0.961500006126395 0.0478125099713604 0.494739597886413 0.912625008068668 1.05234374783564 2.57595834050638 4.3261354137115 5.29065623184821 5.23881248964365 5.72076041841259 6.24230206105858 6.0411562351898 3.53964585093369 6.4680937621694 7.96480207575951 9.61995837899546 10.893770846691 10.7701353959177 10.7520416392751 11.4476562702718 11.7943125177796 11.8652395714695 11.859375007761 12.1030104327947
8.97471877597369 11.2151562507885 12.3960520569235 12.7879999844299 12.6468853889892 14.6954374955919 14.2951354188748 12.9561874903641 12.0829166754071 10.9813541706341 9.31743750154662 9.7741354306927 10.9051458206959 10.6173124653093 10.7945937589381 9.9381874804191 8.95483332752095 8.44902084395289 7.67812499966627 6.46474997242816 4.47900001083811 2.86388540256303 3.14334374855389 2.69873959967905 -0.338833325834761 -0.176791660827197 0.650124991361129 -0.0902604227449046 -0.486031239832907 1.16621876557241 1.21630206684252 2.96140624029795 5.01287500358982 5.09627082010411 5.50875001354143 6.10459376204138 4.85150003860084 1.56855209274606 3.54116667539347 6.4472500004728 9.08238539443118 10.1212187325849 10.4824375358973 10.9351458297266 11.2448854162358 11.3222812432796 11.426635394649 11.6943333294863 12.0082917225858
10.4081770582852 10.5456874902981 11.2364166665357 13.5654062469548 13.8896667000954 14.4831875030262 13.9080312732791 12.3800104038285 12.6221145960638 11.6469270823679 10.3236458163495 11.4870416685008 11.9934166554982 11.9296458321624 11.8740416724856 11.2666042042741 10.4220937230081 9.31557292909323 8.99482290757199 8.03523955695952 6.02160417214812 2.31092706755347 4.84518749405591 4.58731251881303 3.66765625055996 2.61054167543383 3.54486462235218 2.62235417756407 2.36613543566394 0.784093744354323 -0.228989590187363 0.832937490825619 4.00583331220939 5.23484375316426 5.40413542773846 5.83056248320887 6.17517708009109 5.60237502011781 3.37339580724317 4.13384374667658 5.45421876835462 8.31737500320499 10.2077083063171 10.8877083664411 11.2199062531969 11.2861458462818 11.529968752681 11.4285104190931 11.1971249841154
12.4066146076269 12.8911458589767 13.2933854181708 11.2183228930129 14.5333749738056 14.4373749508522 13.9926353829845 14.2610833617509 13.2604270968695 12.1011145633383 12.0864791545706 12.5364375032174 12.3088437396412 12.5235416023061 12.5919062787046 12.0539479198245 10.8946666356254 9.26420831633732 9.07579167544221 8.41881250900527 7.73469793486098 6.60689580135659 7.59683333461483 7.37257293429381 7.03418751103648 5.7353645881376 5.45618748037668 5.60003126443674 4.88005206661183 1.53314583009342 -0.191677068890082 1.39514583364871 4.00940624588596 5.51534375154976 5.54317708360759 6.17772917548427 6.2430624801976 5.54091665433467 1.82454168083981 2.36980209499598 6.47509374836227 7.91754166564594 9.22171877198465 10.8336562413412 11.1796041592024 11.2830312342073 11.2319062808529 11.0298750076133 10.5538646195394
14.4113333193382 14.9717604028216 15.2424687073314 14.1975104006415 12.8396666702659 12.9108437458441 12.5929479015855 13.2807708489078 12.7430208846927 12.1780208383376 12.941906228972 12.4615728870655 12.0148958417897 11.9684270980457 12.0733437390688 12.4489479293115 11.9777291644326 11.3877291586444 10.34371879692 9.48492709054456 9.01950001064688 9.20263540900002 8.98891668394208 8.33031247897695 8.5456146079426 7.90428127922739 7.27206250196711 6.8017291638195 5.54067708939935 3.72752086178904 1.23305208569339 1.19516666729517 3.32503125283013 5.46532292634826 5.9588645546731 6.59256248504001 6.30947915363746 4.90244792657904 1.3131145768082 3.94095832443175 6.84233333145191 8.11768753050516 8.61064584987859 7.36648955282484 9.6679999937963 10.8349583000721 10.5959062332986 10.4443437127241 10.2657187246756
14.6833750030589 14.6901562319302 14.5249895633121 13.8359896163117 12.6076041496757 11.2460104216977 11.1717604214015 11.6118645861279 12.4220833584356 12.214520846804 12.4352499751064 12.1555208445837 11.9402603937003 11.7695208510074 11.403510399512 11.7521458660873 12.3856458736118 11.7039687708808 11.2218958295804 10.6266249851324 10.4906978927902 10.31482294132 10.179781266721 9.42732290310475 9.31407290196512 9.12318747366468 7.68969792842593 6.75890626217006 6.21129167081866 5.080822925549 4.50140625610948 1.48690623341672 2.82113544703073 4.70330211535717 6.20784376362038 6.67427085973759 6.0776978887346 3.2189062527262 1.73023958683189 5.50293752650032 6.50181250290188 6.83086454879958 7.35661458099882 8.10748961831754 6.96696875411726 8.02354167256271 9.09579163939149 10.1957812431501 10.8522812343823
13.2372395768762 12.0230416397875 12.517833336237 12.4379791674049 12.229739599056 11.151822923605 9.6029166630445 10.3296250176306 11.8590937489644 12.2728021390115 12.2699479709069 12.1188542190939 11.9100104145085 11.5061145684061 9.77955209603533 10.2934270992021 12.0759582907582 11.8198854087192 11.665260412512 11.5081353933153 11.1326979314545 11.0768541462482 10.9319999810056 10.6938229279573 9.95632289466448 9.27186459675431 7.51993749322719 6.9834062361139 6.03969790570166 6.05183331953594 6.12509376406282 3.06514581273465 2.54484374516566 4.44053125575495 6.05706251002387 6.66094792046351 5.46331250168926 2.13278126209722 2.87830209245052 6.05064585527483 7.51191662663283 7.97520833330539 8.73933332941184 9.59139580357199 8.94647915801034 8.44990627669419 8.71543747760976 9.92909372933112 10.6342396131561
