Landscape_phylogeographic_analyses/Environmental_files/WNV_rasters/Annual_precipitation_WNV_16.asc
NCOLS 390 
NROWS 216 
XLLCORNER -128 
YLLCORNER 19 
CELLSIZE 0.166666666666667 
NODATA_value -1.7e+308 
[rows 112 to 139 of 216, columns 126 to 188 of 390]
442.625 532.6875 377.375 317.25 296.875 275.75 296.625 379.4375 496.0625 661.1875 588.25 528.625 458.25 418.6875 398.875 380.0625 378.125 387.125 392.3125 397.5 398.1875 391.375 386.3125 379.25 382.5 406.0625 428.875 440.25 443.8125 445.0625 444.375 443.8125 452.5625 464.875 478.8125 491.25 502.6875 507.8125 515.75 531.375 542.3125 540.75 518.5625 504.8125 543.125 581.1875 611.1875 635.6875 655.4375 668.5625 683 712.6875 750.3125 784.375 818.125 844.3125 867.9375 892.625 911.6875 912.4375 909.875 907.0625 915.8125
532.25 672.625 637.25 620.125 391.375 271.375 336.25 483.3125 682.75 560.9375 500.9375 480.3125 460.25 431.3125 416.125 393.5625 394.0625 395.75 400.0625 393.375 388 389.375 383.125 377.125 381.5 407.9375 433.1875 440.125 441.4375 441.875 444.1875 449.625 454.875 467.25 486.625 499.5625 507.6875 513.3125 516.5625 527.6875 543.875 557.375 543.9375 543 560.9375 588.8125 620.8125 648.5 672.4375 681.5 692.625 730.125 768.6875 786.5625 805.75 832.5625 867 896.5625 911.875 916.6875 912.6875 909.4375 917.6875
435.1875 586.375 654 662.8125 413.4375 285.0625 376.375 674.8125 770.8125 540 456.5 450.4375 459.4375 429.5 415.5 390.875 402.0625 410.75 406 384.25 386.3125 400.25 391.875 390.0625 399.75 416.6875 433.625 436.75 439.4375 444.3125 450.5 459.8125 468.3125 479.875 490.9375 498.5625 512.375 525.4375 530.0625 526.0625 536.4375 554 559.875 566.9375 583.875 611.75 635.6875 660.5625 682.8125 694.25 708.4375 732.9375 764 788.8125 816.25 841.6875 872.1875 900.625 917 922.4375 920.6875 920.1875 925.375
396 453.25 556.3125 489.25 364.25 351.3125 441.8125 639.9375 669.3125 531.75 458.25 439.3125 440.375 433.8125 420.4375 389.6875 393.1875 396.5 413.0625 380.5 388.875 402.3125 403.375 407 413.3125 423 431.375 437.9375 446.8125 456.375 460.5 467.4375 478.8125 492.875 500.625 513.125 533.0625 556.4375 566.125 554.75 551.375 561.3125 577.6875 592.625 612.125 636.875 657.3125 674.375 695.25 708.9375 721.4375 737.3125 759.25 788.5625 821.0625 850.6875 878.1875 909 924.125 931.9375 933.5 934.0625 938.8125
304.25 321.625 392.1875 315.375 314.5625 345.6875 433.875 501.9375 530.6875 482.125 435.3125 446.0625 447.8125 442.8125 412.25 369.6875 357.25 365.375 389.25 385.75 384.625 395.9375 401.75 411.6875 419.1875 422.9375 431.125 441.5 453.1875 460.625 470.5 474 494.375 512.125 517.75 525.5 542.5 566.125 579.75 570.0625 564.6875 578.375 597.4375 615.4375 637.6875 663.1875 673.75 685.25 703.8125 722.9375 732.625 741.125 760 788.5 820.1875 856.9375 891.3125 911.4375 930.25 942.4375 948.625 948 954.75
305.25 307.9375 291.125 282.0625 319.25 335.375 362.1875 455.1875 442.5625 397.875 386.4375 401.0625 405.0625 396.375 376.125 360.0625 353.5 357.4375 384.9375 384.875 379.3125 383.0625 396.0625 408.875 414.5625 428.75 439.3125 449 456.375 460.0625 469 484.5625 506.6875 519.9375 530.8125 538.4375 550.125 566.375 573.5 565.375 564.125 583.125 612.3125 638.875 659.125 676.9375 685.1875 697.75 717.8125 739.3125 750.3125 755.875 769.6875 805.8125 854.9375 872.5 900.5 919.8125 936.0625 953.4375 964.0625 965.1875 974.375
278.1875 282.8125 264.875 442.875 398.4375 366.6875 350.625 409.9375 407.5625 352.125 330.875 354.5625 365.5625 377.75 375.1875 361.875 378.5625 391.875 390.375 394.8125 405.875 406.1875 420.5625 423.0625 429.1875 446.25 452.9375 461 463 468.375 480 496.25 510.375 524.625 532.8125 546 558.3125 572.3125 582.3125 568.8125 562.375 587.875 627.75 653.875 665.875 680.125 691.6875 708 727.0625 750.4375 767.9375 767.5625 771.8125 805.25 845.375 865.875 884.875 911.625 936.5625 960.1875 971.25 975.0625 988.75
257.9375 255.4375 258.4375 424.6875 419.4375 337.125 328.375 381 386.875 339.5 331.3125 348.25 371.0625 377.75 376.8125 373.9375 375.25 380.6875 397 404.9375 418.4375 432.6875 440.9375 436.625 446.9375 448 451.0625 454.1875 459.6875 468.1875 480.625 494.75 513.5625 525.5625 533.4375 540.3125 552.0625 559 561.25 554.875 560.9375 583.9375 620.8125 654.0625 673.1875 687.8125 701.8125 715.4375 735.5 755.625 774.25 769.5625 765.8125 789.625 819.25 854.875 889.75 929.625 954.5625 969.8125 982.75 990.1875 1006.5625
250.375 243.375 256.625 384.9375 425.5 336.8125 322 357 362.0625 337.125 330.8125 345.125 363.5625 378.25 383.1875 386.6875 398.1875 419 408.875 418.875 434.8125 457.1875 460.5625 455.3125 449.25 445.8125 443.375 442.3125 449 458.75 477.5 492.75 498.75 512.0625 528.5 527.5 547.75 550 546.5625 546.3125 551.4375 570.875 604 640.1875 676.1875 700.25 708.3125 721.5625 741.8125 765.3125 782.5 779.3125 786.5625 800.875 825.75 862.3125 907.0625 949 970.4375 984.5625 996.8125 1012.1875 1025.875
237.625 241.3125 258.625 428.3125 382.5 335.8125 315.8125 321.6875 324.875 326.125 330.5625 340.3125 353.5 370.5 377.25 376.5 396.1875 421.0625 425.5 432.8125 441.4375 451.875 456.5 455.125 446.25 440.75 437.375 440.25 447.6875 461 478.25 494.9375 510.25 512.375 510.625 516.9375 523.8125 534 529.8125 528.25 538.6875 564.75 591.3125 629.6875 671.625 700.5625 713.6875 725.4375 744.3125 774.8125 786.375 786.4375 800.5625 819.3125 844.3125 873.75 909.9375 945.125 971.25 984.625 1005.375 1023.9375 1031
230.875 235.8125 262.75 433.0625 369.1875 340.875 324.5 328.5 311.5625 319.5625 328.4375 332.1875 344.8125 357 366.875 379.0625 395.8125 407.375 418.25 424.5625 436.375 445 451.125 448.1875 441.5 436.75 438.625 443.8125 450.875 462.75 477 492.75 509.6875 520.75 520.25 509.375 507.375 512.5 514.9375 519.9375 526.375 550.9375 586.75 629.8125 666.25 694.5 713.75 720.5625 734.75 757.25 776.9375 797 814.0625 826.75 847.9375 873.1875 903.375 934.6875 960.3125 979.0625 1003.125 1020.3125 1020.375
227.4375 234.375 282.5625 333.875 387.375 377.3125 361.3125 339.0625 323.625 338.0625 326.5 332.375 342.6875 351.25 361.125 379.25 386.75 392.6875 402.8125 411.4375 424.9375 437.1875 444.75 444.625 438.9375 438.375 439.5 440.5625 446.375 459.375 477 494.1875 511.375 528.375 540.1875 527.0625 517 511.6875 513.9375 518.5625 529.875 559.375 596.9375 634.6875 663 681.875 695 710.1875 723.3125 748.75 775.8125 805.625 827.25 827.3125 838.8125 861.8125 893.0625 921.8125 955.125 966.75 993.3125 1010.125 1021.3125
234.8125 255.375 315.9375 333.625 372.875 373.875 379.4375 405.375 372.1875 344.6875 329.9375 320 328.375 337.3125 346.8125 358.8125 372.5 388.625 404 405.75 410.75 423.8125 431.75 436.5625 436.25 436.6875 441.375 447.5 452.0625 460.25 476.5 495.3125 512 528.25 537.9375 529.5 525.5625 517.9375 519.75 529.5625 537.25 565.875 602.6875 641.25 659.25 672.5 682 695.75 717.75 740.0625 764.25 793.5625 814.3125 808.4375 819.125 845.875 879.0625 907.1875 934.125 958.375 980.8125 1000.75 1017.375
250.0625 271 305.1875 289.25 347.9375 357.375 354.3125 376.8125 370.3125 341.6875 318 308.875 314.0625 325.5 332.3125 342.5625 358.5 374.4375 389.125 397.9375 402.6875 418.0625 424.5625 432.5625 442.5 448.4375 454.625 456.9375 460.5625 466.1875 478.9375 493.6875 509.25 526.4375 540.9375 546.4375 537.625 535.3125 537.625 542.1875 561.125 583.8125 608.0625 625.0625 645.3125 657.5 670.3125 691.625 715.8125 727.0625 747.0625 770.5625 788.5 795.4375 808.5 832.4375 861.1875 892.625 919.125 944.625 974.9375 1002.875 1014.1875
254.5 260.5 264.5 283.25 356.5625 352.4375 321.375 361.1875 382 347.25 322.875 307.9375 309.375 321.5 333.75 339.125 346.5 368.5625 385.1875 392.4375 399.625 413.0625 425.125 436 446.9375 454 461.375 465.5 471.5625 473.8125 480 491.125 507.6875 528.375 546.375 559.8125 553.6875 551.375 554.875 566.125 578.75 594.625 612.5 628.125 639.75 652 661.875 673.4375 690.6875 710.375 731.375 753.625 780.75 794.75 809.375 826.8125 851.5 882.1875 909.6875 941.8125 969.875 994.375 1012.5
247.8125 255.25 257 322.1875 357.6875 325 320.875 409.9375 408.125 370.5 340.875 319.1875 316.375 321 324.625 333.625 343.8125 365.9375 376.375 391.6875 400 406.9375 419.25 433.6875 450.4375 462.9375 469.1875 473.5625 478.75 478.9375 482.0625 492.125 505 530.3125 552.8125 568.6875 566.3125 564.1875 571.75 580.75 593.6875 604.875 621.875 634.5 642.375 651.0625 659.0625 669.6875 681.9375 707.6875 732.375 753.875 781.25 797.75 810.5625 828.6875 853.6875 879.8125 916.1875 959.8125 990.125 1002.75 1023.8125
252.9375 256.3125 259.625 315.6875 296.4375 289.6875 349.125 437.25 448.9375 474.625 429.875 338.8125 319.875 321.9375 323.875 327.6875 349.75 362.8125 371.0625 389.25 399.75 404.625 416.4375 434 449.5 463.0625 471.25 481.25 485.25 485.375 485.0625 494.9375 514.0625 538.75 560.4375 556.5625 560.9375 561.625 570.8125 584.8125 598.875 610.5625 625.8125 638.4375 656.5 668.3125 678.0625 683.6875 694.75 715.5 741.6875 764.75 783.9375 801.75 820.4375 841.625 861.8125 888.8125 933.5 983.25 1007 1015.8125 1031.125
259.9375 275.4375 294.9375 282.875 254.375 291.5625 440.625 582 472.875 429.625 386.125 356.8125 330 325.25 329 330.9375 346.125 356.5625 375.0625 392.6875 398.9375 408.1875 420.4375 434.5625 448.8125 456.625 465.25 477.75 486.875 491.5625 495.375 509.9375 524.8125 528.75 536.375 545.1875 551.5625 560.8125 565.375 580.0625 594.4375 607.1875 623.375 645.6875 661.6875 669.5 680.5 691 709.4375 729.875 750.5 767.125 781.3125 801.4375 823.5 844.75 868.6875 906 947.1875 987.25 1015.3125 1006.0625 1028.4375
282.5 357.4375 336.25 243.875 241.875 271.125 421.5625 541.625 545.25 478.25 417.5625 377.8125 345.75 331.6875 333.625 334.25 339.125 353.8125 376.5 394.1875 398.9375 413.25 425.9375 435.5 447.6875 457.75 462.875 473.5 482.125 486.3125 495.625 512.4375 532.5 532.1875 532.375 539.9375 546.125 553 560.5 575.1875 591.3125 602.3125 621.875 639.0625 651.6875 671.6875 684.1875 694.5625 711.75 733.75 759.5625 778.25 785.75 798.0625 822.9375 851.625 878.6875 908.125 938.625 967 986.875 997.8125 1017.0625
282.4375 345.0625 285.375 230.4375 230.8125 254.375 376.25 570.8125 569.75 499.875 434.5 383.8125 349.8125 332.75 330.3125 329.9375 336.5 351.3125 374.875 392.6875 400.1875 413.625 423.0625 434.1875 444.4375 450.5 453.875 457.125 467.3125 475.4375 489.125 505.125 518.8125 525.3125 527 539 551.1875 561.25 571.75 584.625 593.8125 603.6875 618.6875 629.4375 644.8125 665 681 697.5625 714.0625 736.5 764.0625 786.375 798.625 813.25 831.3125 848.75 864.8125 889.25 902.875 924.375 947.1875 987.125 1000
271.0625 309.5625 309.6875 232.125 225.6875 223.25 352.6875 604 568.0625 488.3125 432.3125 379.6875 352.4375 335.9375 327.25 325.375 331.6875 349.25 374.5625 394.3125 397.9375 406.25 417.1875 429.6875 438.5625 446.25 446.5 441.0625 447.25 461.375 479.625 493.25 506.625 512.6875 532.375 550.5625 563.25 569.625 584.375 598.8125 598.625 608.4375 623.9375 636 648.9375 669.625 678.375 691.4375 707.8125 733.1875 760.375 786.8125 803.8125 817.375 839.5625 853.75 848.8125 858.375 876.8125 887.6875 919.5625 959.0625 979.1875
271.25 283.0625 322.25 241.875 235.9375 226.625 342.75 597 565.6875 488.1875 437.5 385.5625 359.3125 341.8125 330.625 324.0625 334.9375 346.5 358.6875 373.8125 387.375 395.5625 408.8125 422.0625 432.25 440.4375 440.125 433.5 435 446.6875 464.75 475.25 487.625 503.125 521.5625 546.3125 565.3125 582.3125 596 610.9375 606.125 613.9375 631.5 636.1875 646.875 671.625 679.8125 687 704.75 729.75 759.0625 787.125 799.5 801.25 828.4375 847.8125 837.625 835.875 854.6875 873.25 902.125 935.3125 963.375
270.75 275.875 325.75 273 250.875 252.625 274.4375 419.75 472.1875 443.75 406.3125 418.25 380.4375 355.1875 335.5625 329.0625 333.75 336.6875 349.625 358.0625 369.125 379.5 389.75 405.125 414.875 424 425.125 422 422.0625 438.8125 452.25 474.25 479.6875 494.3125 510.0625 532.4375 555.4375 587.125 599.25 608.5 607.125 612.5 620.125 621.5 638.6875 658.625 665.75 679.1875 699.6875 731.9375 751.375 761.625 775 783.4375 801.9375 819.3125 823.25 837.8125 861.25 880.25 911.25 933.3125 951.8125
269.625 270.375 327.125 262.6875 264.5625 280.875 297.9375 328 332.0625 358.625 341.1875 387 416.875 377.25 360.6875 349.9375 341.5625 339.9375 338.25 352.125 355.9375 355.9375 366.9375 377 392.5 398.3125 405.6875 409.3125 417.0625 430.4375 450.0625 454.8125 475.5 494.125 503.625 520.625 544.0625 579.0625 607.0625 610.625 616.8125 616.0625 617.25 617.0625 634.75 652 653.75 678.25 703.125 728.9375 747.3125 763.4375 775.6875 783.0625 800.75 804.5 820.5625 849.25 872.0625 887.875 915.8125 934.1875 957.75
259.4375 248.75 314 259.625 265.6875 280.3125 312.25 329.125 306.875 300.875 310.375 298.8125 392.4375 419.75 386.5 369.625 344.1875 331.8125 331.4375 342.875 341.4375 330.875 340.0625 349.375 365.8125 377.9375 386.5 393.1875 403.6875 418.375 444.125 446 454.875 480 497.8125 514.625 533.4375 564.1875 598.1875 617.5 630.5 635.0625 636.375 636.5625 650.5 661.125 676.1875 699.125 719.5 736.625 757.1875 789.75 803 796.125 806.3125 811.25 824.75 848.0625 867.4375 880.625 901.75 927.4375 959.625
251.375 242.25 243.3125 249.0625 256.6875 277.5 323.5625 318.875 321.625 292.5 285.5 290.25 393.125 454 393.5625 353.3125 337.1875 321.375 324 327.8125 321.375 314.6875 313.0625 322.625 345.625 361.6875 367.25 376.4375 385.625 401 420.5625 435.5 446.75 481.125 500.8125 516 534.4375 553 589.4375 609.5625 618.3125 635 644 649.9375 661.75 674.875 693 717.4375 737.75 737.125 751.9375 796.125 820.3125 805.9375 815.4375 829.625 837.375 845.8125 866.4375 882.6875 895.8125 918.0625 957.25
241.9375 237.3125 238.8125 251.8125 244.1875 267.875 318.5 301.4375 293.625 280.6875 269.625 277.9375 372.3125 406.6875 361.625 347.25 337.9375 324.1875 310.625 307.375 303.3125 306.8125 298.375 305.6875 325.75 349.3125 355.0625 360.25 369.5 386.9375 405.5625 422.0625 443.6875 471 497 514.75 541.5 562.3125 574.5625 594.8125 607 626.125 638.5625 655.9375 675.125 683.8125 697.8125 709.125 727.6875 732.75 737.125 763.3125 789.4375 791.625 805.6875 828.75 847.75 854.875 865.875 880.125 896.6875 921.75 958.8125
236.125 233.75 233.9375 226.375 229.75 243.4375 283.875 288.375 270.0625 263.5625 269.5625 277 303.5625 369.1875 365.25 356.875 344.1875 324.25 312 300.8125 293.75 292.8125 289.75 296.625 315.9375 331.9375 341.875 352.125 366.1875 383.25 402.875 423.1875 447.125 467.125 489.8125 510.375 531.3125 560.0625 581.1875 590.3125 596.375 607.4375 621.8125 649.875 672.625 683.875 692.9375 700.5625 703.8125 716.8125 723.5625 738.75 750.4375 765.125 799.0625 826.25 843.1875 858.25 859.3125 879.5625 903.375 936.125 972.875
