Landscape_phylogeographic_analyses/Environmental_files/WNV_rasters/Annual_precipitation_WNV_16.asc
NCOLS 390 
NROWS 216 
XLLCORNER -128 
YLLCORNER 19 
CELLSIZE 0.166666666666667 
NODATA_value -1.7e+308 
[rows 28 to 55 of 216, columns 0 to 62 of 390]
-1.7e+308 3113.9375 3174.0625 3128.0625 2994.4375 2879.4375 2763.8125 2703.6875 2668.375 2481.6875 2287.8125 2180.625 2179.875 2054.1875 1991.25 1838.125 1674.0625 1470.125 1348.3125 1328.875 1335.5 1384.5625 1359.8125 1416.125 1455.0625 1373 1369.875 1265.375 1200.5 1159.6875 1126.875 1126.25 1067.5625 1060.375 1026.8125 913.25 902.9375 834.0625 557.4375 526.1875 496.8125 415 435.5625 455.0625 448.625 343.9375 442.9375 425.3125 549 734.1875 656.125 445 500.3125 669.875 655.25 822.625 873.5625 1105.625 1331.875 1150.1875 1013.1875 1100.25 1315.1875
-1.7e+308 1594.6875 1633 3082 3259.6875 3164.8125 3063 2900.75 2818.5625 2789.125 2424.5625 2300.75 2085.125 1988.5625 1934 1777.1875 1574.875 792.9375 1215.75 1258.75 1350.5 1434.375 1473.75 1493.75 1614.375 1683.9375 1427.3125 1511.125 1362.9375 1364.375 1256.625 1261.375 1263.75 1154.25 1120.6875 1054.375 1037.375 899.875 731.8125 745.3125 702.25 490.9375 420.8125 391 387.9375 403.5625 430.8125 513.875 616.6875 693.3125 571.1875 422.25 739.75 825.125 956.875 1056.4375 1009.3125 1117.875 1195 1063.0625 1045.125 1164.1875 1260.0625
-1.7e+308 -1.7e+308 -1.7e+308 -1.7e+308 -1.7e+308 3382.375 3441.25 3325.6875 3100.6875 2809.5 2707.5625 2464.3125 2197.6875 2035.1875 1892.25 1727.5625 1528.0625 -1.7e+308 -1.7e+308 658.3125 1149.375 1393.8125 1524.9375 1619 1664.5625 1598.125 1544.9375 1593.375 1855.8125 1544.6875 1421.1875 1402.625 1358.5625 1420.5 1301.9375 1170.875 1087.3125 987.8125 919.375 796 775.125 588.5 524.6875 489.5625 429 505.25 594.6875 644.1875 588.25 550.6875 469.9375 384.5625 661.5625 765.8125 978 972.125 1027.375 1152.5625 963.9375 840.125 1074.1875 1251.75 1308.6875
-1.7e+308 -1.7e+308 -1.7e+308 -1.7e+308 -1.7e+308 -1.7e+308 3083.875 3479.625 3405.125 3251.9375 2815.75 2695.875 2365.4375 2182.875 2061.5625 1909.0625 1751.1875 1457.375 710.75 -1.7e+308 867.25 1174.125 1181.0625 1426.875 1619.8125 1679.0625 1745.3125 1769.75 1911.4375 2131.875 1645.375 1800.375 1505.5 1493.1875 1542.3125 1451.9375 1294.375 1143.6875 1028.625 960.5 826.1875 751.4375 651.0625 508.5625 486.5625 537.6875 520.1875 548.3125 511.625 377.625 446.625 610.375 706.3125 749.125 884.125 773.5 1001.5 1033.5 914.25 855.0625 1189.25 1243.3125 1124.9375
-1.7e+308 -1.7e+308 -1.7e+308 -1.7e+308 -1.7e+308 -1.7e+308 -1.7e+308 1943.1875 2529 3216.6875 3013.625 2798.1875 2576.3125 2365.25 2244.3125 2139.75 1949.625 1762.25 1322.125 680.875 -1.7e+308 720.25 1041.375 800.9375 1461.0625 1594.1875 1784.75 1930.375 2033.75 1885.8125 2041.375 1879.4375 2002.125 1726.0625 1633.625 1507.75 1616.125 1405.5 1169.0625 1149.8125 939 854 724.9375 577.125 507.875 459.625 577.125 618.75 532.125 382.1875 396.25 696.375 647.9375 626.0625 688.4375 758.25 932.3125 854.25 865.5625 841.75 1108.375 1017.125 983.6875
-1.7e+308 -1.7e+308 -1.7e+308 -1.7e+308 -1.7e+308 -1.7e+308 -1.7e+308 -1.7e+308 -1.7e+308 2223.875 3153.9375 3046.375 2841.6875 2668.625 2468 2354 2197.4375 2042.5625 1929.875 1617.5 735.8125 -1.7e+308 -1.7e+308 -1.7e+308 -1.7e+308 649.6875 1131.4375 1755.625 1693.75 2201.125 2443.625 2168.4375 2267.8125 1963.6875 1955.125 1713.1875 1639.625 1613.4375 1428.625 1368.4375 1077.1875 943.0625 845 709.4375 499.875 460.5625 489.1875 505.3125 636 420.375 353.9375 579.3125 661 558.6875 588.4375 800.8125 765.0625 688.3125 900.25 704.1875 885.8125 984.125 884.625
-1.7e+308 -1.7e+308 -1.7e+308 -1.7e+308 -1.7e+308 -1.7e+308 -1.7e+308 -1.7e+308 -1.7e+308 -1.7e+308 -1.7e+308 2546.9375 3085.1875 2957.4375 2779.0625 2601.9375 2426.875 2312.125 2157.8125 1949.25 1857 1527.5 1343.75 925.4375 -1.7e+308 -1.7e+308 -1.7e+308 -1.7e+308 -1.7e+308 1749.625 2052.6875 2095.5 2069.25 2083.75 1982.375 1767.3125 1730.125 1707.5 1457.6875 1313.875 1172.1875 1040.0625 937.625 814.1875 631.3125 666.375 637.75 524.6875 500.625 400.0625 334.875 486.9375 667.25 546.1875 511.8125 620.5 720.625 619.375 774.375 842.5 879.9375 838.5 846.6875
-1.7e+308 -1.7e+308 -1.7e+308 -1.7e+308 -1.7e+308 -1.7e+308 -1.7e+308 -1.7e+308 -1.7e+308 -1.7e+308 -1.7e+308 -1.7e+308 -1.7e+308 2602.9375 3104.1875 2900.9375 2722.8125 2609.125 2454.4375 2317.9375 2220.25 2092.25 1888.3125 1697.4375 1252.25 869.3125 -1.7e+308 -1.7e+308 -1.7e+308 1190.3125 1240.875 1524.0625 1628.6875 1703.375 1639.0625 1634.3125 1657.125 1633.375 1549.8125 1417.5625 1289.8125 1144.3125 1006.6875 886 738.125 800.5625 728.4375 642.875 720.6875 429.75 354.625 384.6875 509.75 462.875 464.125 516.0625 565.5 567.75 592.375 763.25 779.875 737.375 746.5
-1.7e+308 -1.7e+308 -1.7e+308 -1.7e+308 -1.7e+308 -1.7e+308 -1.7e+308 -1.7e+308 -1.7e+308 -1.7e+308 -1.7e+308 -1.7e+308 -1.7e+308 -1.7e+308 1603.6875 1901.6875 2347.3125 2679.625 2784.375 2666.125 2639.125 2373.375 2234.5625 2041.75 1853.125 1295.5625 1074.0625 652.1875 -1.7e+308 -1.7e+308 -1.7e+308 1003.5 1238.1875 1272.3125 1475.25 1666.5625 1773.625 1740.9375 1656.5625 1542.6875 1418.5625 1250.4375 1105.0625 1017.625 888.25 873 855.375 742.4375 702.3125 487.625 339.375 327.9375 415.9375 453.75 447 473.375 486.375 602.8125 560.0625 595.25 595.1875 617.0625 723.1875
-1.7e+308 -1.7e+308 -1.7e+308 -1.7e+308 -1.7e+308 -1.7e+308 -1.7e+308 -1.7e+308 -1.7e+308 -1.7e+308 -1.7e+308 -1.7e+308 -1.7e+308 -1.7e+308 -1.7e+308 -1.7e+308 -1.7e+308 2011 2948.875 3001.375 2799.625 2609.3125 2436.625 2212.75 1900.875 1485.75 1150 935.0625 730.0625 457.6875 441.8125 452 861.1875 1214.625 1456.375 1723.6875 1922.0625 1880.375 1804.0625 1700.625 1566.625 1371.625 1195.4375 1088.5 1003.625 866.375 752.25 618.1875 696.5625 477.0625 345.4375 313.75 390.6875 482.5 473.25 469.4375 481.375 656.0625 551.1875 491 546.8125 645 703.1875
-1.7e+308 -1.7e+308 -1.7e+308 -1.7e+308 -1.7e+308 -1.7e+308 -1.7e+308 -1.7e+308 -1.7e+308 -1.7e+308 -1.7e+308 -1.7e+308 -1.7e+308 -1.7e+308 -1.7e+308 -1.7e+308 -1.7e+308 -1.7e+308 -1.7e+308 -1.7e+308 2171.5625 2761.0625 2703.75 2378.8125 2106.8125 1713.625 1281.4375 869 352.3125 605.9375 676.8125 666.625 713.1875 976.3125 1317.9375 1640.1875 1797.5625 1853.75 1913.1875 1848.375 1677.6875 1495.4375 1331.9375 1186.75 991.375 735.25 543.1875 573.5 645.9375 416.625 331.6875 326.125 396.9375 401.625 438.5625 409.875 518.5 603.25 517.0625 481.875 510.625 578.8125 671.625
-1.7e+308 -1.7e+308 -1.7e+308 -1.7e+308 -1.7e+308 -1.7e+308 -1.7e+308 -1.7e+308 -1.7e+308 -1.7e+308 -1.7e+308 -1.7e+308 -1.7e+308 -1.7e+308 -1.7e+308 -1.7e+308 -1.7e+308 -1.7e+308 -1.7e+308 -1.7e+308 -1.7e+308 -1.7e+308 -1.7e+308 1330.3125 1609.1875 1518.9375 1165.75 549.3125 -1.7e+308 -1.7e+308 -1.7e+308 -1.7e+308 681.4375 842.8125 1152.4375 1751 1987.25 2039.1875 1929.0625 1910.375 1777.875 1609.8125 1355.125 1176.4375 1096.625 821.375 510.6875 433.5625 537.5625 404.5 311 323.0625 400.8125 444.5625 420.8125 398.4375 504.25 506.1875 436.4375 494.375 500.875 542.4375 655.875
-1.7e+308 -1.7e+308 -1.7e+308 -1.7e+308 -1.7e+308 -1.7e+308 -1.7e+308 -1.7e+308 -1.7e+308 -1.7e+308 -1.7e+308 -1.7e+308 -1.7e+308 -1.7e+308 -1.7e+308 -1.7e+308 -1.7e+308 -1.7e+308 -1.7e+308 -1.7e+308 2666.25 2623.5 1875.875 -1.7e+308 -1.7e+308 -1.7e+308 -1.7e+308 -1.7e+308 -1.7e+308 -1.7e+308 -1.7e+308 331.3125 518.8125 644.3125 1061 1390.625 1798.1875 2050.6875 1978.6875 1986.875 1864.9375 1689.1875 1509.9375 1273 953.625 1055.3125 688.375 414.8125 414.5 315.625 310.1875 313.1875 336 367 362.1875 384.625 438.6875 456.125 419.0625 469.4375 531.4375 516 620.5
-1.7e+308 -1.7e+308 -1.7e+308 -1.7e+308 -1.7e+308 -1.7e+308 -1.7e+308 -1.7e+308 -1.7e+308 -1.7e+308 -1.7e+308 -1.7e+308 -1.7e+308 -1.7e+308 -1.7e+308 -1.7e+308 -1.7e+308 -1.7e+308 -1.7e+308 -1.7e+308 2601.125 2861.0625 2912.375 2721.5625 2413.875 2070.1875 1575.6875 1142.5 883.875 770 675.6875 584.9375 565.1875 717.25 918.25 1227.75 1697.375 2157.75 2232.5 2114.625 1981.9375 1799.8125 1568.375 1352.625 1115.9375 827.3125 720 469.625 333.5 292.625 286.3125 287.125 299.125 316.6875 338 368.6875 382.1875 392.9375 392.6875 480.9375 502.5625 498.4375 549.8125
-1.7e+308 -1.7e+308 -1.7e+308 -1.7e+308 -1.7e+308 -1.7e+308 -1.7e+308 -1.7e+308 -1.7e+308 -1.7e+308 -1.7e+308 -1.7e+308 -1.7e+308 -1.7e+308 -1.7e+308 -1.7e+308 -1.7e+308 -1.7e+308 -1.7e+308 -1.7e+308 2337.75 2953.875 3109.6875 2980 2790.3125 2720.3125 2467.9375 2484.8125 2374.25 2010.875 1282.625 935.375 642.5625 491.3125 909.9375 1169.75 1513.0625 1870.4375 2267.1875 2212.25 2080.875 1860.9375 1481.3125 1172.5 1089.8125 876.5625 547.3125 393.9375 300.5 293.125 267.625 272.125 287.5625 292.25 317 326.6875 347.9375 365.25 381.375 431.5 452.25 467.5625 496.3125
-1.7e+308 -1.7e+308 -1.7e+308 -1.7e+308 -1.7e+308 -1.7e+308 -1.7e+308 -1.7e+308 -1.7e+308 -1.7e+308 -1.7e+308 -1.7e+308 -1.7e+308 -1.7e+308 -1.7e+308 -1.7e+308 -1.7e+308 -1.7e+308 -1.7e+308 -1.7e+308 -1.7e+308 2467.125 3242.25 3215.6875 2988.8125 2899.125 2779.125 2656.5625 2619.9375 2255.5625 1427.875 1151.5625 1018.375 661.625 1040.375 1234.3125 1529 2160.1875 2283.1875 2174.8125 2001.1875 1932.1875 1600.9375 1016.5 835.625 631.8125 401.875 328.25 298.75 268.9375 251.4375 257.6875 263 285.625 301.625 318.5625 342.75 344.875 364.625 388.375 420.375 440.5625 447.0625
-1.7e+308 -1.7e+308 -1.7e+308 -1.7e+308 -1.7e+308 -1.7e+308 -1.7e+308 -1.7e+308 -1.7e+308 -1.7e+308 -1.7e+308 -1.7e+308 -1.7e+308 -1.7e+308 -1.7e+308 -1.7e+308 -1.7e+308 -1.7e+308 -1.7e+308 -1.7e+308 -1.7e+308 -1.7e+308 3217.875 3323.0625 3157.5 2962.625 2729.0625 2641.0625 2588.0625 1946.5 1435.625 1331.3125 1123.375 805.625 1003.9375 1269.9375 1561.875 2052.25 2358.4375 2304.1875 2125.1875 1898.875 1613.1875 1156 598.625 599.125 382.5625 359.1875 256.75 240.1875 241.125 229.125 229.25 251.6875 267.3125 294.0625 308.25 326.6875 345.1875 369.125 401.0625 412.375 427.4375
-1.7e+308 -1.7e+308 -1.7e+308 -1.7e+308 -1.7e+308 -1.7e+308 -1.7e+308 -1.7e+308 -1.7e+308 -1.7e+308 -1.7e+308 -1.7e+308 -1.7e+308 -1.7e+308 -1.7e+308 -1.7e+308 -1.7e+308 -1.7e+308 -1.7e+308 -1.7e+308 -1.7e+308 -1.7e+308 3122.0625 3223 3253.9375 3008.4375 2747.375 2494.9375 1983.875 1585.9375 1447.1875 1317.4375 1165.125 831.875 1019.8125 1253.6875 1865.125 2191 2316.375 2245.875 2015.1875 1700.0625 1512.4375 1203.9375 693.25 430.5625 281.125 268.625 230.375 219.1875 213.8125 200.375 211.375 226.5625 246.1875 268.9375 290.6875 314.0625 332.8125 349.125 374.3125 393.9375 417.9375
-1.7e+308 -1.7e+308 -1.7e+308 -1.7e+308 -1.7e+308 -1.7e+308 -1.7e+308 -1.7e+308 -1.7e+308 -1.7e+308 -1.7e+308 -1.7e+308 -1.7e+308 -1.7e+308 -1.7e+308 -1.7e+308 -1.7e+308 -1.7e+308 -1.7e+308 -1.7e+308 -1.7e+308 -1.7e+308 1485.125 2996.5625 2963.8125 2810.1875 2484.5 2157.25 1797.25 1543.125 1387.5 1242.5 1136.3125 1003.875 1068.5 1212.8125 1756.8125 2184.5 2142.125 2001 1688.75 1200.375 846.9375 769.5625 943.375 808.6875 537.5625 213.4375 200.625 202.0625 189 182.8125 197.0625 216.5 242.4375 262.0625 284.875 305.375 319.625 335.875 357.75 392.4375 418.75
-1.7e+308 -1.7e+308 -1.7e+308 -1.7e+308 -1.7e+308 -1.7e+308 -1.7e+308 -1.7e+308 -1.7e+308 -1.7e+308 -1.7e+308 -1.7e+308 -1.7e+308 -1.7e+308 -1.7e+308 -1.7e+308 -1.7e+308 -1.7e+308 -1.7e+308 -1.7e+308 -1.7e+308 -1.7e+308 -1.7e+308 2514.25 2616.3125 2430 2208.5625 1919.8125 1812.9375 1589.75 1325.5 1230.25 1197.1875 1182.875 1213.3125 1491.25 2083.6875 2173.625 1977.875 1982.3125 1624.125 1416.1875 1036.875 536.125 359.75 369.25 422.0625 211.5625 186.4375 182.875 181.1875 181.3125 190 207.375 229.9375 253.5625 277.875 303.0625 319.5625 331.25 357.75 388.5625 432.5
-1.7e+308 -1.7e+308 -1.7e+308 -1.7e+308 -1.7e+308 -1.7e+308 -1.7e+308 -1.7e+308 -1.7e+308 -1.7e+308 -1.7e+308 -1.7e+308 -1.7e+308 -1.7e+308 -1.7e+308 -1.7e+308 -1.7e+308 -1.7e+308 -1.7e+308 -1.7e+308 -1.7e+308 -1.7e+308 -1.7e+308 1844.5625 2373.5625 2251.5 2108.9375 1941.5 1827.5 1601.875 1311.25 1298.375 1263.5625 1299.4375 1494.9375 2026.5 2328.3125 2438.1875 2146.875 1918.3125 1517.75 1039.8125 924.8125 547.3125 354.3125 241.5625 266.125 204.5 178.3125 180.1875 177.3125 181.4375 185.1875 205.125 225.25 247.8125 271.4375 300.625 315.5 336.8125 356.5625 393 436.0625
-1.7e+308 -1.7e+308 -1.7e+308 -1.7e+308 -1.7e+308 -1.7e+308 -1.7e+308 -1.7e+308 -1.7e+308 -1.7e+308 -1.7e+308 -1.7e+308 -1.7e+308 -1.7e+308 -1.7e+308 -1.7e+308 -1.7e+308 -1.7e+308 -1.7e+308 -1.7e+308 -1.7e+308 -1.7e+308 -1.7e+308 1473 2307.3125 2277.5 2197.3125 2163.875 1804.6875 1470.0625 1292.1875 1412.0625 1835.625 1944.0625 1969.8125 2103.75 2255.8125 2255.5625 1762.3125 1777.5 1607.1875 1074.5625 645.125 441.125 268.75 234.625 253.0625 212.5 178.75 184.75 179.1875 178.4375 191.5 200.6875 216.5 231.9375 261.5625 297.1875 319.75 350.1875 373.75 397.1875 420.375
-1.7e+308 -1.7e+308 -1.7e+308 -1.7e+308 -1.7e+308 -1.7e+308 -1.7e+308 -1.7e+308 -1.7e+308 -1.7e+308 -1.7e+308 -1.7e+308 -1.7e+308 -1.7e+308 -1.7e+308 -1.7e+308 -1.7e+308 -1.7e+308 -1.7e+308 -1.7e+308 -1.7e+308 -1.7e+308 -1.7e+308 1106.1875 1683.8125 2445.5 2330.875 2285.625 1934.8125 1568.4375 1348.5 1390 1648.6875 2018.0625 2080.875 2148.5625 2014.125 1771.6875 1674.875 1725.8125 1374.875 1123 635.9375 325.8125 231.8125 209.9375 236.1875 265.875 209.0625 178.4375 171.0625 174.6875 190.75 199.0625 213.375 233.8125 261.625 302.5625 332.625 369.9375 392.375 399.125 429
-1.7e+308 -1.7e+308 -1.7e+308 -1.7e+308 -1.7e+308 -1.7e+308 -1.7e+308 -1.7e+308 -1.7e+308 -1.7e+308 -1.7e+308 -1.7e+308 -1.7e+308 -1.7e+308 -1.7e+308 -1.7e+308 -1.7e+308 -1.7e+308 -1.7e+308 -1.7e+308 -1.7e+308 -1.7e+308 -1.7e+308 1056.0625 2231.375 2446.625 2540.25 2499 2319.1875 1763.1875 1394.9375 1406.4375 1846.0625 2191.5 2264.1875 2236.75 1994 1903.5625 1775.0625 1701.8125 1385.875 1154.8125 499.5625 290.25 225.0625 193.375 186.0625 199.75 218.3125 235.125 213.75 183.9375 194 202.3125 219 244.4375 283.875 357.25 423.0625 448.625 465.3125 474.6875 496.9375
-1.7e+308 -1.7e+308 -1.7e+308 -1.7e+308 -1.7e+308 -1.7e+308 -1.7e+308 -1.7e+308 -1.7e+308 -1.7e+308 -1.7e+308 -1.7e+308 -1.7e+308 -1.7e+308 -1.7e+308 -1.7e+308 -1.7e+308 -1.7e+308 -1.7e+308 -1.7e+308 -1.7e+308 -1.7e+308 -1.7e+308 -1.7e+308 1921.5 1632.1875 2281 2159.5625 2081.6875 1838.1875 1474.0625 1767.625 2226 2500.5 2636.25 2438.0625 2208 1952.125 1918.5 1717.5625 1090.125 924.5 596.125 437.375 283.6875 223.0625 195.6875 182.9375 185.8125 201.25 214.1875 206.3125 201.4375 205.8125 228.25 267.8125 323.625 396.25 462.6875 508.3125 540.1875 579.3125 605.8125
-1.7e+308 -1.7e+308 -1.7e+308 -1.7e+308 -1.7e+308 -1.7e+308 -1.7e+308 -1.7e+308 -1.7e+308 -1.7e+308 -1.7e+308 -1.7e+308 -1.7e+308 -1.7e+308 -1.7e+308 -1.7e+308 -1.7e+308 -1.7e+308 -1.7e+308 -1.7e+308 -1.7e+308 -1.7e+308 -1.7e+308 -1.7e+308 1541.875 2124.1875 2394.1875 2242.1875 1889.75 1692.6875 1462.8125 1872.8125 2247.1875 2556.75 2537.75 2346.125 2109.8125 2006.6875 1585 1394.3125 796.0625 671.5625 780.6875 632.375 381.6875 374.3125 292.6875 252.625 225.0625 210.875 221.5625 241.875 250.5 257 246.9375 283.3125 324.1875 393.3125 501.25 586.625 652.75 641.1875 605.375
-1.7e+308 -1.7e+308 -1.7e+308 -1.7e+308 -1.7e+308 -1.7e+308 -1.7e+308 -1.7e+308 -1.7e+308 -1.7e+308 -1.7e+308 -1.7e+308 -1.7e+308 -1.7e+308 -1.7e+308 -1.7e+308 -1.7e+308 -1.7e+308 -1.7e+308 -1.7e+308 -1.7e+308 -1.7e+308 -1.7e+308 -1.7e+308 2227.1875 2358.9375 2239.3125 2162.9375 1871.125 1893.4375 1524.5625 1522.8125 1914 2244.125 2514.375 2415.75 2084.75 1911.125 1377.9375 956.375 768.625 576.8125 563 528.75 424.4375 366.5625 307.875 245.9375 217.4375 207.6875 208.8125 220.1875 232 250.5625 301.4375 360.25 394.4375 436.25 561.5 665.375 678.375 597.5 517.3125
-1.7e+308 -1.7e+308 -1.7e+308 -1.7e+308 -1.7e+308 -1.7e+308 -1.7e+308 -1.7e+308 -1.7e+308 -1.7e+308 -1.7e+308 -1.7e+308 -1.7e+308 -1.7e+308 -1.7e+308 -1.7e+308 -1.7e+308 -1.7e+308 -1.7e+308 -1.7e+308 -1.7e+308 -1.7e+308 -1.7e+308 -1.7e+308 2148.125 2283.8125 2472.4375 2418.5 1822.1875 1876.8125 1457.8125 1170.1875 1397.625 2024.875 2448.875 2332.875 1874.125 1552.625 1106.3125 828.125 634.25 517.5 416.75 347.4375 286.375 265.5625 247.8125 226.625 220.5 219.25 232.1875 243.8125 252.3125 273.3125 313.125 356.5 410.4375 524.9375 661.625 695.125 620.1875 559.9375 513.375
