Landscape_phylogeographic_analyses/Environmental_files/WNV_rasters/Annual_mean_temperature_WNV_16.asc
NCOLS 390 
NROWS 216 
XLLCORNER -128 
YLLCORNER 19 
CELLSIZE 0.166666666666667 
NODATA_value -1.7e+308 
[rows 0 to 21 of 216, columns 196 to 244 of 390]
-2.17911459273697 -2.09240625963624 -2.08950001998649 -2.14667706183779 -2.11095833834406 -2.52217708186072 -2.347437532529 -2.36927081091407 -2.63796873623505 -2.71704165767975 -2.81759377274041 -2.92164585766538 -2.77528125533718 -2.92857290037015 -2.99516668708141 -3.0901041959296 -3.08902083698194 -3.0822916739077 -3.15917715793573 -3.15410422895608 -3.0652187703187 -3.0121145660111 -3.07090626140416 -3.11339581624391 -3.18330210267838 -3.24079168727621 -3.23477082155781 -3.24724998947446 -3.30036457491588 -3.31457293659453 -3.37228123673534 -3.39277084077185 -3.3882187664082 -3.43305212309739 -3.43962499782598 -3.49346873536706 -3.54092705855146 -3.60107292568622 -3.64647914989231 -3.67835418779093 -3.75409375860666 -3.77793747528146 -3.78977078696092 -3.83546876891827 -3.84579163067974 -3.95999998381982 -4.0205520477272 -4.07764586326569 -4.04919793518881
-1.95591668204482 -1.87114580643053 -1.95178122972235 -2.06634377016841 -2.0492499871228 -1.78445831571783 -2.03411456675773 -2.04462502556271 -2.17961460051204 -2.33434376619698 -2.53946870600339 -2.33573956463321 -2.38523961499717 -2.56595830141062 -2.73686460298753 -2.89381244334315 -2.8811666586286 -2.92986460631073 -3.00370832490929 -2.9910416356676 -2.91044792139049 -2.90827081742464 -2.98758336346752 -2.96518756996375 -3.05031253628355 -3.01481252640951 -3.12633335986175 -3.10946877277456 -3.17361461479838 -3.19413541069177 -3.21227085689316 -3.25910421002967 -3.27627089297554 -3.31128127752648 -3.35794789619589 -3.48471871406461 -3.45404169041042 -3.43092708184849 -3.46491664283288 -3.54473951249383 -3.61364578998958 -3.65408330364153 -3.6509999645253 -3.66758339107037 -3.66225001324589 -3.71343747728194 -3.77704167117675 -3.86517711360163 -3.84879162007322
-1.62049998990959 -1.67196873039939 -1.78580206609331 -1.7872916693644 -1.5086249828261 -1.62330208527176 -1.63893749262206 -1.97954161579643 -2.23844796854003 -2.27808330145975 -2.26752081257291 -2.33229164065172 -2.36388543124 -2.44429165699209 -2.54689578657659 -2.48991667928446 -2.31123957303741 -2.58543748142256 -2.64394789747894 -2.74017706484301 -2.7441354055724 -2.93943749363825 -2.91141667897076 -2.92640625986193 -2.95633337188823 -2.99870830506552 -3.01876039562436 -3.009989590646 -2.99608332827847 -3.00971877126722 -3.06311463894478 -3.06874996369394 -3.06155207388413 -3.1395729475189 -3.15722917334642 -3.31601040942284 -3.30232297004356 -3.28712503495626 -3.34739584817241 -3.45489582310741 -3.49811454769224 -3.53087497098992 -3.53483338964482 -3.53419793040181 -3.50439575423176 -3.55691662942991 -3.62760412918093 -3.66980205895379 -3.69867709511891
-1.5721145333567 -1.45466671232134 -1.44465620443225 -1.42204164839738 -1.48074999255429 -1.64026040719667 -1.73815626014645 -1.85390627725671 -1.9266354056308 -1.85355205019005 -1.9409895829546 -2.0137395834657 -2.25793753665251 -2.213291596078 -2.40491661871783 -2.31377090583555 -2.19290625769645 -2.45142711979861 -2.47262499077866 -2.70238543891173 -2.74443753920544 -2.67327079243357 -2.76639581786003 -2.80414576192076 -2.89042707996365 -2.89551041376641 -2.9081354241401 -2.87092709450129 -2.87078121342832 -2.90649995322262 -2.95510413121277 -2.90626036333075 -2.84387495124247 -2.89286456237702 -2.98947918477158 -3.02151041640779 -3.09593750253165 -3.11409373957819 -3.17934375983896 -3.28593754442409 -3.32523957096661 -3.40921872567075 -3.44919792034974 -3.47286456559474 -3.45492709443594 -3.42728124884889 -3.30000000845757 -3.50040632152619 -3.46273957394684
-1.41223962542911 -1.22877083485946 -1.29022919788258 -1.33715625252808 -1.31271876518925 -1.43197915400378 -1.60264578290905 -1.81058333006998 -1.74372913988191 -1.75190626791057 -1.81345831253566 -2.05769793145979 -2.10871875763405 -2.06287500588223 -2.1621770572771 -2.24665624834597 -2.1843749700735 -2.31371875278031 -2.3870833129428 -2.59148961677177 -2.62345836831567 -2.58299997673991 -2.53139582449027 -2.58078126530018 -2.56407292555862 -2.69043753360165 -2.66648958458245 -2.66781248912957 -2.71271881160161 -2.73004169204311 -2.72871878135872 -2.71019788247456 -2.75963537212616 -2.85372912658689 -2.85650000085783 -2.85694792414627 -2.88017714582384 -2.97540629383487 -2.99796873625989 -3.03485423216383 -3.05337504320657 -3.10952079454243 -3.16317705561717 -3.18912500826021 -3.2998645833383 -3.25090628939991 -3.28195837698877 -3.25455209007487 -3.32536457867051
-1.23364585187907 -1.33609374426305 -1.44673959786693 -1.39293752145022 -1.30637503508478 -1.41337501909584 -1.5051666488871 -1.60311457514763 -1.47460410891411 -1.58409374323674 -1.53231250013293 -1.81677085619109 -1.88986458427583 -1.84847916165988 -1.98485414414123 -2.03963544374953 -2.14979166622894 -2.28599997470155 -2.22090625793984 -2.40089584439799 -2.36717708075109 -2.33410413394449 -2.31985416232298 -2.36805212144585 -2.48509373829196 -2.56665623754816 -2.51851036395722 -2.51813536734092 -2.5131145498987 -2.55567704663554 -2.65726045145736 -2.67612499052969 -2.68127082738404 -2.70679171041896 -2.73208331427425 -2.74800004511295 -2.79336464692218 -2.88017706278091 -2.84206250030547 -2.87252082466148 -2.88280207764668 -2.91005209851331 -2.96092711986663 -2.97133334015962 -2.97395831847098 -3.03756253382502 -3.1104583357616 -3.04746873583645 -3.09982291562483
-1.24837496131659 -1.24423957181474 -1.0956354381827 -1.08494789242589 -1.15709372105387 -1.2408750335065 -1.36650001521533 -1.38322918062719 -1.31129165304204 -1.56061459782844 -1.64506251520167 -1.69966667735328 -1.82271878328174 -1.83352084069823 -1.88441665129115 -1.8971874890849 -1.87437500005278 -1.99370834999718 -2.15016665887864 -2.19557293358957 -2.25850000736682 -2.2309687519446 -2.27704166908128 -2.09635417078001 -2.2897395840276 -2.31897912046406 -2.2303333086893 -2.20943750140335 -2.38247916600085 -2.3161562664803 -2.4349374815162 -2.47533332421638 -2.56304168693411 -2.62484371452592 -2.57938547067655 -2.63608336266285 -2.7028229245916 -2.75990629475564 -2.68641666268619 -2.74491671659052 -2.83666669887801 -2.83128123078495 -2.85693753145946 -2.84580203223353 -2.8333333277842 -2.84371881906797 -2.89077084651217 -2.92668748709063 -2.97867712401785
-1.18141667482754 -1.04326040297747 -0.954343752469868 -0.967052021306396 -0.95403122890275 -0.965885382920533 -1.0440208579627 -1.13013540691342 -1.13510413506689 -1.23740627686493 -1.41043753239016 -1.4354166885217 -1.51706248428673 -1.60864579631016 -1.74408330504472 -1.79411459066129 -1.92377081730713 -1.86604168219492 -1.79895833926275 -1.9452604133985 -1.97556247069345 -1.99292711696277 -2.14753125666175 -2.09210417831006 -2.0365937158543 -2.11862502452762 -2.09691663309544 -2.15670831443276 -2.22276044468648 -2.08365624838431 -2.15579163934259 -2.14840620818237 -2.24896873751034 -2.33967705070972 -2.34803130939448 -2.40456253608863 -2.5056145642011 -2.55735417750354 -2.57406251109205 -2.68276040713924 -2.70051039809672 -2.73732291976921 -2.73488539457321 -2.80147917754948 -2.76898950105533 -2.78081251533392 -2.7625520711299 -2.76971876163346 -2.8169999998839
-1.01146881685903 -0.977947971473138 -0.998989542014897 -1.01583333779126 -1.0618958203122 -1.0500833587721 -1.08525002282113 -1.07319794936726 -1.19065623388936 -1.27459374101212 -1.25287501545002 -1.27537497381369 -1.38355209181706 -1.44726041456064 -1.57379169824223 -1.64640629415711 -1.73568750312552 -1.79170835701128 -1.91337494427959 -1.91048955001558 -1.96305209770799 -2.00583329501872 -1.99548955059921 -1.89335415698588 -1.96926044694192 -1.89743750241663 -2.03231250312335 -2.12290625941629 -2.14721873229428 -2.17503125378183 -2.16378123424268 -2.20241664421701 -2.16318746896771 -2.27574992408821 -2.30113542154625 -2.36003125782493 -2.458874972867 -2.39009372548026 -2.40203127103935 -2.43610419026421 -2.36063541685144 -2.37055206941053 -2.35431248728128 -2.52958334842697 -2.51897916170613 -2.69402082559342 -2.67920830527631 -2.71484368612679 -2.72657291730866
-0.895385403010247 -0.927833328178773 -1.04829171424111 -1.08691669690112 -1.11695828444014 -1.03871873642008 -0.947427128441632 -1.03404166176915 -1.14316671745231 -1.22281249643614 -1.21465624465297 -1.21773953208079 -1.3460729465199 -1.42016666584338 -1.46135420010736 -1.55138542627295 -1.70028125184278 -1.67777083829666 -1.80693749710917 -1.90947918904324 -1.86933334094162 -1.66643747438987 -1.8021041356648 -1.83405205688905 -1.76066663931124 -1.80030211557945 -1.66554168103418 -1.93327081436291 -1.97126038465649 -2.00119794491911 -2.11717708983148 -2.17043753232914 -2.17935417403351 -2.08061460857183 -2.19870831785374 -2.16573961130537 -2.20987505097054 -2.23521875191364 -2.34560413157305 -2.28835417929319 -2.41882289768061 -2.49072914921756 -2.50105202469664 -2.47287495517715 -2.50820834651434 -2.61021870335874 -2.64032289541016 -2.71816661255434 -2.67901043516273
-0.978531314370533 -0.9757604735593 -0.974822948686779 -0.947364591062069 -0.984489526910087 -0.957572921800117 -0.963593749950329 -1.05106249110152 -1.06854168574015 -1.02325004090865 -1.00296874328827 -1.16351041368519 -1.25213538700094 -1.33754166122526 -1.43019787579154 -1.44741663181533 -1.49430209506924 -1.50345831581702 -1.50746877056857 -1.54462499745811 -1.56748956325464 -1.74772919512664 -1.77324999636039 -1.7110728691332 -1.75071877621425 -1.77487494377419 -1.71786457346752 -1.86602081730962 -1.95351040068393 -1.97980203197949 -1.97944791529638 -2.00625000958098 -1.97259375969103 -1.99306247301865 -2.14965625827123 -2.14845827095754 -2.16962502566942 -2.1645937472349 -2.16524996344621 -2.22688541147606 -2.40234380818341 -2.33163540672588 -2.35083335040448 -2.3960312140019 -2.42133333091624 -2.47060414710237 -2.51389587623999 -2.59555207146332 -2.56822916027158
-0.686708347251018 -0.725770832970738 -0.714291618205607 -0.793791668800016 -0.787374996269743 -0.798729139069716 -0.807583318091929 -0.850302047717075 -0.863447898998857 -0.914885411659876 -0.804822940224161 -0.747041683178395 -0.899343743183029 -0.87169789938101 -0.984270855939636 -0.987062516932686 -1.12998958320046 -1.29546877291674 -1.31957295940568 -1.37987501158689 -1.35725001866619 -1.58893751609139 -1.66118750938525 -1.56497917184606 -1.55379170916664 -1.6021146060278 -1.57875001958261 -1.73201047473898 -1.85143752070144 -1.87680211601158 -1.87729165206353 -1.78235419125607 -1.65557293458066 -1.80400001747451 -1.89235414720073 -1.87501046154648 -1.99713543818022 -1.96751038293587 -2.02538542065304 -1.99019792097776 -2.15040628991846 -2.1368125044246 -2.14088545188739 -2.20266671106219 -2.26147917060977 -2.27494793191242 -2.32830209537254 -2.2424270970514 -2.4334791979442
-0.594052053677539 -0.627822878460089 -0.626291651899616 -0.695041676051915 -0.707010405138135 -0.759645835186044 -0.755083385544519 -0.666281265051415 -0.622500012628734 -0.747989568859339 -0.646697892807424 -0.706114584269623 -0.851937476778403 -0.788260382832959 -0.881583344656974 -0.896510424092412 -1.00767701879765 -1.15540630168592 -1.2249792094032 -1.1507604032134 -1.13277085032314 -1.19703127148872 -1.33255207841285 -1.20717713315389 -1.4082812696967 -1.37048961175606 -1.34935418951015 -1.49596874741837 -1.73583331455787 -1.78255211072974 -1.77167709862503 -1.73436465721655 -1.54167708490665 -1.58315626756909 -1.63523959884575 -1.51777083636262 -1.52419792185538 -1.61945830300101 -1.84817707217978 -1.89106249493974 -1.84995836759723 -1.99865627991191 -1.9203749820493 -1.98762500788628 -1.93242712240074 -2.06883330299873 -2.1610103956967 -1.90904164888586 -2.19783335287745
-0.398666680053187 -0.476895860706766 -0.522656273407241 -0.522979184364279 -0.518645853114625 -0.562364589888602 -0.630864597856998 -0.574072907368342 -0.631406240630895 -0.689520825011035 -0.653937478860219 -0.674989582660298 -0.774499999669691 -0.849677085566024 -0.900499974998335 -0.856697912948827 -0.870177053225537 -1.01571869508674 -1.10488538630307 -1.10410414015253 -1.13146875115732 -1.21747919141004 -1.24247918495287 -1.1393437483348 -1.29871875691848 -1.35898952775945 -1.16321879437116 -1.22804169816663 -1.35870834495775 -1.51513539794056 -1.51810420847808 -1.45279170937526 -1.55701043041578 -1.65129168585797 -1.676552108683 -1.70902084356203 -1.71090627202041 -1.78197917618551 -1.73935415393983 -1.73362497589551 -1.7235416523666 -1.92364581637473 -1.96733330836044 -1.95454165044959 -1.99786461217809 -2.06451045836244 -2.02803127182779 -2.06263541078079 -2.13028126606756
-0.304906179818014 -0.359229153798272 -0.345687510833765 -0.450031247300406 -0.421854155526186 -0.429072883193536 -0.44050001554812 -0.361135389325985 -0.50784375371101 -0.537364626148095 -0.606124999312063 -0.609104156804582 -0.642124986586471 -0.651572940250238 -0.682312489923788 -0.770177045371384 -0.768166623699168 -0.779083338876565 -0.920885383617133 -1.01606244485204 -1.141177069551 -1.18676040554419 -0.953614609005551 -1.18545834269995 -1.24784376557606 -1.3341250330365 -1.27939579177958 -1.32462495146319 -1.34016657744845 -1.21831250842661 -1.25767706722642 -1.33408334067402 -1.50365620502271 -1.59464589310422 -1.6668125131085 -1.76485419366266 -1.78200002330414 -1.83674997539492 -1.84804172965232 -1.84277087451968 -1.93099996604724 -1.90573958895887 -1.85923960430106 -1.81891668462777 -1.72807289760143 -1.91339581473342 -1.94518747923818 -1.98503124913744 -2.0295208391423
-0.159302125529697 -0.226229245153566 -0.250874979111056 -0.354906233648459 -0.403489580688377 -0.406520830777784 -0.420895820328345 -0.416885418817401 -0.454458300955594 -0.448364538140595 -0.42409372360756 -0.516218762223919 -0.543072924017906 -0.549427101078133 -0.617593761688719 -0.709687499019007 -0.748385358601809 -0.785010315788289 -0.809822844651838 -0.941749990917742 -1.02710416323195 -1.07127089270701 -1.06288542427743 -1.14926041014648 -1.26307293497181 -1.33686456949605 -1.33116663177498 -1.28646871447563 -1.25393747755637 -1.28336453996599 -1.20548954295615 -1.30540622179008 -1.46631246600494 -1.52075002740215 -1.57438542579378 -1.52049999761706 -1.63983330233411 -1.64356250669516 -1.66671880561868 -1.67920836543393 -1.75154167505389 -1.77507288656852 -1.86733337852638 -1.81329164963972 -1.86782289804493 -1.84874996905758 -1.91042710689362 -1.93521870480618 -1.97602081831428
0.00741663792481025 -0.0840833621720473 -0.0924270953983069 -0.222375019453466 -0.189156251571452 -0.176218747937431 -0.234875032678247 -0.313218760925035 -0.377062466926873 -0.305854163971768 -0.430916657671332 -0.538999997389813 -0.61453125718981 -0.584187485898534 -0.609906252163152 -0.564062532347937 -0.658375005082538 -0.83218743186444 -0.880864621450504 -0.932583330509563 -0.997812519005189 -1.14334382054706 -1.21166669848996 -1.27735418317025 -1.28016664330304 -1.19679167905512 -1.20272916648537 -1.16847918597826 -1.21997919112133 -1.18135416523243 -1.23240629117936 -1.20301042792077 -1.27380209307497 -1.34071872383356 -1.4238958190593 -1.42457283536593 -1.45876040581303 -1.45705203308413 -1.47663542275162 -1.45360417095556 -1.49638540045513 -1.42998961821043 -1.53639581234893 -1.56745832551193 -1.40852081519552 -1.69192707688004 -1.73851044111022 -1.70844789073453 -1.80002084309187
0.280718769904828 0.17107292394697 0.167864539466488 0.108635412412696 0.101010402810061 0.0880000114751359 0.0767812792522212 0.0360624675716584 -0.133114579133689 -0.179156261030585 -0.413562495416651 -0.49556251677374 -0.460416663438082 -0.492020845723649 -0.54534376381586 -0.562229172947506 -0.672010445035994 -0.75326037251701 -0.841541629905502 -0.870010340896746 -0.955770819603155 -1.02108334066967 -1.02941663361465 -0.977489513965944 -1.00155207204322 -0.982010386418551 -1.07597917768483 -1.16189579572529 -1.15104166263094 -1.18308338949767 -1.15509379010958 -1.17860411192911 -1.14265628407399 -1.19758335741547 -1.23224998894148 -1.28898955349966 -1.29828122300872 -1.41103123609719 -1.44626034144312 -1.38227081394871 -1.32739579429229 -1.35804170389504 -1.47539585527071 -1.55086462263716 -1.60161454563179 -1.63622917542428 -1.62591671656507 -1.62036457901316 -1.58664581610356
0.338260367105249 0.342427062607991 0.258802109320338 0.201739569194615 0.123666618329783 0.137083324758957 0.146906238825371 0.176666734972969 0.0626771093035738 -0.0331041837731997 -0.179760462914904 -0.198833366545538 -0.209229222498834 -0.321447961032391 -0.315479203437765 -0.426500057801604 -0.498822941444814 -0.609864592862626 -0.77159371227026 -0.794833244445423 -0.800010424417754 -0.913354127357403 -0.956718690538158 -0.790885458700359 -0.851374990306795 -0.763708324637264 -0.905187503900379 -0.937302046455443 -1.04798949478815 -1.1018541349719 -1.07884375494905 -1.05115629841263 -1.13926041919816 -1.15764583212634 -1.21132294123527 -1.14666660789711 -1.243312472788 -1.28507289294309 -1.31652080193938 -1.30931253598343 -1.32718751222516 -1.49067711356232 -1.39851042142254 -1.53122923252522 -1.57970832133894 -1.57457291402776 -1.64777083483447 -1.6660416671657 -1.62404161753269
0.525989577397316 0.405187459119285 0.470874992584868 0.378781196934142 0.347718764799841 0.192281281672573 0.187520862091333 0.339302084428103 0.235947945475345 0.258041716724013 0.149072944109018 0.0622395967754225 -0.0107396111513178 -0.023572929824392 -0.104000012390316 -0.169822943241646 -0.358500049449503 -0.532052076421678 -0.645229161716998 -0.579260445820788 -0.457333324011415 -0.607531259612491 -0.71568750217557 -0.700260438335439 -0.717885374712448 -0.64258336275816 -0.692520844750106 -0.626354125017921 -0.743562495335937 -0.799739560733239 -0.847531245400508 -0.948656276954959 -0.957552055362612 -0.922895841766149 -1.0552187593809 -1.05292708488802 -1.10753124354718 -1.17632290305725 -1.20965623950663 -1.3384271239144 -1.28485416322656 -1.37940627521069 -1.43268750464311 -1.42766666843575 -1.5577187597252 -1.6030833146239 -1.65138540914631 -1.65413538162829 -1.55157288479313
0.615104129203246 0.521854173178629 0.47945831832476 0.478802062842685 0.437843731357134 0.375624980988505 0.311510416058203 0.325687546593447 0.294229160703253 0.228552040333549 0.150177071491877 0.0398125149852907 0.00812500777343909 -0.0228958635901411 -0.06704163706551 -0.128364601793389 -0.220604206745823 -0.373416675254703 -0.411958354835709 -0.351010438675682 -0.205927055794746 -0.452989590043823 -0.430312531379362 -0.426270906503002 -0.517093748785555 -0.489552060142159 -0.500635436425606 -0.554791701026261 -0.626614560373127 -0.625718724603454 -0.713218707280854 -0.735385389377673 -0.804395826378216 -0.918489607361456 -0.988499989189829 -1.05498960781066 -1.10078122493966 -1.07805202424061 -1.09519789617237 -1.07430210280897 -1.01433334414226 -1.16837502115717 -1.22976038379905 -1.21323955789073 -1.22058335105733 -1.32113537758899 -1.4398750309083 -1.46866669052906 -1.42403124786991
0.791645861390862 0.703197940400666 0.741989569777312 0.692354096235552 0.60362502290324 0.536083252246802 0.368864549246306 0.314104099137088 0.242270845143745 0.24382291501388 0.20929167419187 0.158104142795006 0.0757916911194722 -0.0404374958015978 -0.084656254388392 -0.0793854187553128 0.00181253269935648 0.120739583818552 -0.0125729340531204 -0.122093741471569 0.0229062472159664 -0.212968775304034 -0.248000025749207 -0.24936457319806 -0.270333290720979 -0.264552100872 -0.369031228125095 -0.477156282092134 -0.49517715567102 -0.5162708304512 -0.573520831298083 -0.688749950689574 -0.809374997392297 -0.843635368005683 -0.877833335349957 -0.849947950802744 -0.92096874389487 -0.917510439952214 -0.915062522127604 -1.05765622310961 -1.01192705868743 -0.964083288330585 -1.07336451718584 -1.12568746615822 -1.04507293303808 -1.09456244173149 -1.26627084651651 -1.2593853798074 -1.1036874918888
