Landscape_phylogeographic_analyses/Environmental_files/WNV_rasters/Annual_mean_temperature_WNV_16.asc
NCOLS 390 
NROWS 216 
XLLCORNER -128 
YLLCORNER 19 
CELLSIZE 0.166666666666667 
NODATA_value -1.7e+308 
[rows 66 to 87 of 216, columns 0 to 48 of 390]
-1.7e+308 -1.7e+308 -1.7e+308 -1.7e+308 -1.7e+308 -1.7e+308 -1.7e+308 -1.7e+308 -1.7e+308 -1.7e+308 -1.7e+308 -1.7e+308 -1.7e+308 -1.7e+308 -1.7e+308 -1.7e+308 -1.7e+308 -1.7e+308 -1.7e+308 -1.7e+308 -1.7e+308 -1.7e+308 -1.7e+308 11.1631373269483 10.5898750167495 10.2344791611346 10.5623541789246 10.6529687567005 11.107322927642 11.2729687603035 11.0124374829174 10.8886770900281 9.93117704954542 8.90158333138485 7.44325004454974 6.72284374079512 4.61463541331856 4.52237500950772 5.02393751963973 6.19310415375124 6.17004166039017 7.20335416803815 7.19008334874767 7.05623958094899 6.92627083588741 6.30593749453935 6.79359375314379 7.07979166406828 6.74316670020441
-1.7e+308 -1.7e+308 -1.7e+308 -1.7e+308 -1.7e+308 -1.7e+308 -1.7e+308 -1.7e+308 -1.7e+308 -1.7e+308 -1.7e+308 -1.7e+308 -1.7e+308 -1.7e+308 -1.7e+308 -1.7e+308 -1.7e+308 -1.7e+308 -1.7e+308 -1.7e+308 -1.7e+308 -1.7e+308 -1.7e+308 11.1883646082133 10.7786146161767 10.66269792141 10.7778854391848 10.879020824724 11.1801978869674 11.0664583137065 10.5728333310302 9.74298961143359 9.26958333763347 9.64209377882071 7.92252084603145 5.16267707470494 4.43931252571444 5.77094793263435 6.15422915915648 6.04977083547662 4.06065627249579 5.1781770765471 5.67268750381966 6.22040625931307 6.50981246225153 6.87660418930075 6.46540624448244 7.36859377347476 7.0610728940228
-1.7e+308 -1.7e+308 -1.7e+308 -1.7e+308 -1.7e+308 -1.7e+308 -1.7e+308 -1.7e+308 -1.7e+308 -1.7e+308 -1.7e+308 -1.7e+308 -1.7e+308 -1.7e+308 -1.7e+308 -1.7e+308 -1.7e+308 -1.7e+308 -1.7e+308 -1.7e+308 -1.7e+308 -1.7e+308 6.32838909514248 10.9937812670444 10.3277604090957 10.8491250128136 11.6066041697219 11.1806250019484 11.7768645527637 10.5063437147144 9.78324998821578 9.20910415701413 8.21207294588385 8.57105209500393 6.60313542018412 4.15037500431451 4.87680208760624 5.66539582920571 6.26839583848293 6.03965624592577 5.16399998264387 5.47766666913716 5.64165622228757 5.93510413851861 6.33476043125847 6.35590625443729 7.1044479298774 7.3544791766423 7.19283334095962
-1.7e+308 -1.7e+308 -1.7e+308 -1.7e+308 -1.7e+308 -1.7e+308 -1.7e+308 -1.7e+308 -1.7e+308 -1.7e+308 -1.7e+308 -1.7e+308 -1.7e+308 -1.7e+308 -1.7e+308 -1.7e+308 -1.7e+308 -1.7e+308 -1.7e+308 -1.7e+308 -1.7e+308 -1.7e+308 10.0785259250551 11.2443333457535 10.8078645885204 10.5892187600257 11.2181666881633 12.0405416602346 12.1589583273477 11.0202187411681 9.73791666103352 9.3864479061837 8.87625002310961 7.42542707643588 6.00144790198343 4.21057291002944 5.28813539755841 6.04180204635486 5.73008332649867 5.50757291385283 5.87514582051275 6.90282292519623 7.2353854028479 7.23670832842133 7.42351043634214 7.47819792193089 7.21945831360062 7.25147914552751 6.6717708640111
-1.7e+308 -1.7e+308 -1.7e+308 -1.7e+308 -1.7e+308 -1.7e+308 -1.7e+308 -1.7e+308 -1.7e+308 -1.7e+308 -1.7e+308 -1.7e+308 -1.7e+308 -1.7e+308 -1.7e+308 -1.7e+308 -1.7e+308 -1.7e+308 -1.7e+308 -1.7e+308 -1.7e+308 5.5746700981011 11.3086952891511 11.3783958682325 10.7444792010356 10.2746770778516 10.7680104312555 12.4396562460655 12.1686354106181 11.4717499866092 10.0278541679727 8.88984374099935 8.73101041278278 8.03223959580646 5.848020833461 4.46305207686964 4.51042711207022 5.52741667348892 5.21694792388007 5.14190625383829 5.36322917447736 7.40436456119642 7.48770833172117 7.61606247985037 7.55746871244628 7.7874166367886 7.69486457528547 7.70517705311067 7.32835414943596
-1.7e+308 -1.7e+308 -1.7e+308 -1.7e+308 -1.7e+308 -1.7e+308 -1.7e+308 -1.7e+308 -1.7e+308 -1.7e+308 -1.7e+308 -1.7e+308 -1.7e+308 -1.7e+308 -1.7e+308 -1.7e+308 -1.7e+308 -1.7e+308 -1.7e+308 -1.7e+308 -1.7e+308 8.54049109357099 11.4114375067875 11.6583958085491 11.1246875176633 10.2765520816683 11.5553541903112 12.1926666561437 12.0387603907414 11.0409999781211 9.36895832278848 9.8594791885868 9.24537500941369 6.38175000246944 4.67536461198082 4.06930207959764 5.67255205040177 6.02441664831713 5.86387496752044 5.70912502861271 5.9710937346293 7.09145834295972 7.33476041358275 7.42755211012748 7.34758332865507 7.61911459189529 7.90086461386333 8.20322916625689 7.58795835659839
-1.7e+308 -1.7e+308 -1.7e+308 -1.7e+308 -1.7e+308 -1.7e+308 -1.7e+308 -1.7e+308 -1.7e+308 -1.7e+308 -1.7e+308 -1.7e+308 -1.7e+308 -1.7e+308 -1.7e+308 -1.7e+308 -1.7e+308 -1.7e+308 -1.7e+308 -1.7e+308 -1.7e+308 11.2504660778989 11.0071458377255 11.3502916510139 10.2213437498018 10.3055728860769 10.7360312777649 11.3259479071809 11.6085833256414 11.2171875241159 10.6683333498562 9.59537502196812 8.3082499985491 7.36666664954585 4.6248437523221 3.88510417568614 5.56946876024206 6.30884377580757 6.28244788005638 5.38604168849997 4.64561456624263 5.79673960445992 4.85493749100715 7.63587499006341 8.12122916150838 7.52462500054389 7.95066667875896 8.38445835622649 7.12723954522517
-1.7e+308 -1.7e+308 -1.7e+308 -1.7e+308 -1.7e+308 -1.7e+308 -1.7e+308 -1.7e+308 -1.7e+308 -1.7e+308 -1.7e+308 -1.7e+308 -1.7e+308 -1.7e+308 -1.7e+308 -1.7e+308 -1.7e+308 -1.7e+308 -1.7e+308 -1.7e+308 -1.7e+308 10.6428097592046 10.7396145521974 9.92276039766148 10.2910937668833 10.0727708281969 10.6133958366554 11.0859895815217 10.1798854064885 9.65065624806933 9.79772916004488 10.4137083136059 9.98947917043309 8.92344791451736 5.17598959940369 5.48926043518198 6.10016666119918 6.3599896049127 6.16166664768631 6.08497915665309 5.7682083210287 5.99767706900214 5.01617710851133 6.41385415107167 8.25786457552264 7.8962083379738 8.46065625913131 7.94528125521416 8.03848960731799
-1.7e+308 -1.7e+308 -1.7e+308 -1.7e+308 -1.7e+308 -1.7e+308 -1.7e+308 -1.7e+308 -1.7e+308 -1.7e+308 -1.7e+308 -1.7e+308 -1.7e+308 -1.7e+308 -1.7e+308 -1.7e+308 -1.7e+308 -1.7e+308 -1.7e+308 -1.7e+308 -1.7e+308 6.38233231753111 11.4319791614544 11.4784270893579 9.99919791764386 9.89590623395149 11.4542291730856 12.1467187320814 10.8642708385451 11.3363541699073 11.4536354145348 11.2543125091276 10.0252395755209 8.84336459199161 4.72452077419196 5.93438541334278 7.16035418355993 6.65656251724189 6.419604176539 6.49431251490993 6.49269793524096 6.27308332015915 4.78576041571796 4.09943748156851 6.3319583152479 8.09831248014234 8.19808336089288 6.95561457764901 8.39443751269331
-1.7e+308 -1.7e+308 -1.7e+308 -1.7e+308 -1.7e+308 -1.7e+308 -1.7e+308 -1.7e+308 -1.7e+308 -1.7e+308 -1.7e+308 -1.7e+308 -1.7e+308 -1.7e+308 -1.7e+308 -1.7e+308 -1.7e+308 -1.7e+308 -1.7e+308 -1.7e+308 -1.7e+308 8.66244476288557 10.7786979024919 11.0610728979712 11.545749958839 10.6883020961347 11.0237812786363 12.3675520825297 11.7140833379429 11.6656666661244 12.3512708239335 11.7449687776486 10.5910520941252 8.12463539643795 4.9300833355713 6.17751042319772 7.56916666775942 6.20900000775388 6.76517710606034 7.11663543285977 7.1469375023565 7.35969792232693 6.59852080990095 5.28386459002892 5.77008334430866 6.34258335489236 6.48305210163138 6.66523956716992 8.08858332953726
-1.7e+308 -1.7e+308 -1.7e+308 -1.7e+308 -1.7e+308 -1.7e+308 -1.7e+308 -1.7e+308 -1.7e+308 -1.7e+308 -1.7e+308 -1.7e+308 -1.7e+308 -1.7e+308 -1.7e+308 -1.7e+308 -1.7e+308 -1.7e+308 -1.7e+308 -1.7e+308 -1.7e+308 5.63888097616533 11.5066979465385 11.8594062759851 10.9674166532932 10.9604062302484 11.7610937414914 9.90918750533456 11.639166651541 11.1467916536276 11.1016354238867 10.9624270998296 9.50836455612443 6.85974999369743 6.21713542177652 6.30324997741263 7.42070831614547 7.88415626281252 7.97645833389834 7.94303125119768 7.22975000479103 7.01090621977346 6.42514582137422 6.18306252342882 6.17709372887233 7.32825001452875 5.78291667680605 6.192499995171 7.23578124349782
-1.7e+308 -1.7e+308 -1.7e+308 -1.7e+308 -1.7e+308 -1.7e+308 -1.7e+308 -1.7e+308 -1.7e+308 -1.7e+308 -1.7e+308 -1.7e+308 -1.7e+308 -1.7e+308 -1.7e+308 -1.7e+308 -1.7e+308 -1.7e+308 -1.7e+308 -1.7e+308 -1.7e+308 -1.7e+308 11.4104654829328 11.9879583336102 11.0495937310188 11.108427105976 11.1531354069399 8.09621875855373 8.400729178029 10.6655208389833 8.16121876261604 6.95994792067601 9.43681251782012 8.57816668506712 8.34864584651465 7.73691667247719 7.58505209941844 8.26664583167682 8.0686562412108 8.20222918735817 7.99742708130119 7.80167707862953 6.80584377851483 6.47709374190405 7.22387501516884 7.83236459285642 5.92263543378795 6.19478123841933 7.98822920583189
-1.7e+308 -1.7e+308 -1.7e+308 -1.7e+308 -1.7e+308 -1.7e+308 -1.7e+308 -1.7e+308 -1.7e+308 -1.7e+308 -1.7e+308 -1.7e+308 -1.7e+308 -1.7e+308 -1.7e+308 -1.7e+308 -1.7e+308 -1.7e+308 -1.7e+308 -1.7e+308 -1.7e+308 -1.7e+308 -1.7e+308 11.9269374931852 11.8795833427151 10.5559999854813 8.19743749214103 9.51785417035959 8.97386458606585 9.01341663509083 8.00587501535483 9.40051042286117 10.2695624860038 11.3451978964683 7.81284374526391 7.9455416922768 8.31317707694446 8.4120833077468 8.55601040242861 8.48452083207667 8.34615623314555 8.28206249326468 7.81839583674446 7.20454164297553 7.30281248393779 7.82360416619728 6.17624997212746 6.96917710228202 6.92136457120068
-1.7e+308 -1.7e+308 -1.7e+308 -1.7e+308 -1.7e+308 -1.7e+308 -1.7e+308 -1.7e+308 -1.7e+308 -1.7e+308 -1.7e+308 -1.7e+308 -1.7e+308 -1.7e+308 -1.7e+308 -1.7e+308 -1.7e+308 -1.7e+308 -1.7e+308 -1.7e+308 -1.7e+308 -1.7e+308 -1.7e+308 11.5413287288199 11.3168958372007 9.25536457618485 8.8949479200722 11.1773645542125 9.26256247454633 9.43984377913876 9.4478646039012 9.19641668714273 11.0861874886323 11.663489576856 6.95671875755458 6.96274999839564 8.12655209975007 7.94182294578059 7.98327082985391 8.74240627046674 8.77893745619804 8.25798958322654 7.85282292154928 7.74230205453932 7.77788541776439 7.99959376516442 6.61727084842278 8.30158332890521 6.83169790681374
-1.7e+308 -1.7e+308 -1.7e+308 -1.7e+308 -1.7e+308 -1.7e+308 -1.7e+308 -1.7e+308 -1.7e+308 -1.7e+308 -1.7e+308 -1.7e+308 -1.7e+308 -1.7e+308 -1.7e+308 -1.7e+308 -1.7e+308 -1.7e+308 -1.7e+308 -1.7e+308 -1.7e+308 -1.7e+308 -1.7e+308 8.49772308704754 10.7551770641973 9.2459687331102 10.4811145692171 9.12363541818923 6.74561459973969 6.54617711655252 10.0519478991628 9.50816662314658 10.1035312740908 11.6875208166045 8.92748959866973 6.07892711247162 6.63996874274259 5.86532291274246 4.88383332500234 7.42343751515727 8.46038542625805 7.93621875811368 7.74008333822712 7.93626043107361 8.18239585030824 8.04704169587542 6.66320832128016 8.82114578628292 7.16034373245202
-1.7e+308 -1.7e+308 -1.7e+308 -1.7e+308 -1.7e+308 -1.7e+308 -1.7e+308 -1.7e+308 -1.7e+308 -1.7e+308 -1.7e+308 -1.7e+308 -1.7e+308 -1.7e+308 -1.7e+308 -1.7e+308 -1.7e+308 -1.7e+308 -1.7e+308 -1.7e+308 -1.7e+308 -1.7e+308 -1.7e+308 5.59169368818402 11.3521041668331 9.99844789948353 10.4884791561296 10.8274166806295 7.67113542953545 7.21892707715354 8.47473957199448 9.38954170824339 7.19852083816659 9.03428125645345 4.6006145798674 5.36878124042414 6.82639584376496 7.26657292623228 7.89769790531136 8.0206770952791 8.43783332438519 8.11373957293108 8.0630312411425 8.34704165486619 8.66350001934916 8.25862498798718 5.65155204736463 8.87966667170016 7.5503020810429
-1.7e+308 -1.7e+308 -1.7e+308 -1.7e+308 -1.7e+308 -1.7e+308 -1.7e+308 -1.7e+308 -1.7e+308 -1.7e+308 -1.7e+308 -1.7e+308 -1.7e+308 -1.7e+308 -1.7e+308 -1.7e+308 -1.7e+308 -1.7e+308 -1.7e+308 -1.7e+308 -1.7e+308 -1.7e+308 -1.7e+308 9.12346438753108 11.2055208132175 11.1196458369183 11.5710937563467 9.61198958557119 10.5562396005456 8.82016664593054 5.99678126532429 6.93660416442435 6.58426042333789 6.73015621968079 9.13293748698197 9.41296872942864 8.52083332339923 8.06161460326985 9.15867710765451 8.85063540112848 8.44966669660062 8.66646875192722 8.23118750184464 6.75222916145382 8.0395104062433 8.28865622604887 5.62127084558597 7.70446875410077 7.27363542828243
-1.7e+308 -1.7e+308 -1.7e+308 -1.7e+308 -1.7e+308 -1.7e+308 -1.7e+308 -1.7e+308 -1.7e+308 -1.7e+308 -1.7e+308 -1.7e+308 -1.7e+308 -1.7e+308 -1.7e+308 -1.7e+308 -1.7e+308 -1.7e+308 -1.7e+308 -1.7e+308 -1.7e+308 -1.7e+308 -1.7e+308 10.4357983501007 11.1754270923169 11.429979115579 10.547854163878 8.68715626909398 8.89349997155174 8.32713539354154 5.54641667003549 8.48830209834462 8.72680205678383 9.48605208649921 10.9350208512042 10.4588958259398 10.5398749928269 8.80094791739248 9.90205207428274 10.2445000277366 9.17796875940015 8.70493750677754 8.01211458204004 7.24472916694746 7.01926042077442 7.15682290389668 6.17376043673236 6.70571875274375 8.88140628952533
-1.7e+308 -1.7e+308 -1.7e+308 -1.7e+308 -1.7e+308 -1.7e+308 -1.7e+308 -1.7e+308 -1.7e+308 -1.7e+308 -1.7e+308 -1.7e+308 -1.7e+308 -1.7e+308 -1.7e+308 -1.7e+308 -1.7e+308 -1.7e+308 -1.7e+308 -1.7e+308 -1.7e+308 -1.7e+308 -1.7e+308 11.1131913624704 11.3341978927104 10.5949999837879 11.7729895935724 10.5588020782088 8.76143750705523 8.38747918632968 7.03392710771974 10.6209478899351 10.3477187601578 13.3416145921801 13.0232916621777 12.6645833547736 11.4795729096101 9.59473957571512 10.2985625030318 9.90119794430211 9.11542708364626 8.29553120257333 7.44387505219007 6.91442709304101 7.28048959310399 7.06105207607713 7.45093748345971 7.02651041090333 7.62678124833231
-1.7e+308 -1.7e+308 -1.7e+308 -1.7e+308 -1.7e+308 -1.7e+308 -1.7e+308 -1.7e+308 -1.7e+308 -1.7e+308 -1.7e+308 -1.7e+308 -1.7e+308 -1.7e+308 -1.7e+308 -1.7e+308 -1.7e+308 -1.7e+308 -1.7e+308 -1.7e+308 -1.7e+308 -1.7e+308 7.35918011081715 11.6002210192382 11.3728958376062 9.65439581694469 10.7001666712555 10.5079896043171 10.6720000087904 11.0882083111404 10.9730729192379 11.2841458349721 12.34082293557 14.8104062863616 15.3844166364288 14.6858020775253 12.0007708374421 7.82127083616797 7.14778123689272 8.92502082775657 7.07648958773158 6.65019789222667 6.37150002300041 6.88647917500445 6.63958334412503 7.28990626242012 7.20393750300476 7.73568749846891 8.30946874137347
-1.7e+308 -1.7e+308 -1.7e+308 -1.7e+308 -1.7e+308 -1.7e+308 -1.7e+308 -1.7e+308 -1.7e+308 -1.7e+308 -1.7e+308 -1.7e+308 -1.7e+308 -1.7e+308 -1.7e+308 -1.7e+308 -1.7e+308 -1.7e+308 -1.7e+308 -1.7e+308 -1.7e+308 -1.7e+308 11.6408767805745 11.6358229175676 11.2725208245489 11.0920728965624 9.63162501997067 10.7148958539571 10.255614582682 10.459250018425 11.0628437221555 10.5209375198829 13.943374990505 16.6016770306548 16.8735104279282 16.287166642646 13.4820833239937 9.11154165076247 6.68526043749686 6.37572917746729 5.88673959393539 6.01479167464034 6.08826040057465 7.05052084983132 7.50002084086494 8.6582396098723 9.04193750411893 9.05880208942108 9.76073957935703
-1.7e+308 -1.7e+308 -1.7e+308 -1.7e+308 -1.7e+308 -1.7e+308 -1.7e+308 -1.7e+308 -1.7e+308 -1.7e+308 -1.7e+308 -1.7e+308 -1.7e+308 -1.7e+308 -1.7e+308 -1.7e+308 -1.7e+308 -1.7e+308 -1.7e+308 -1.7e+308 -1.7e+308 -1.7e+308 11.4356562582155 11.2357916614662 11.9215312597807 11.4016562819112 10.1167812536587 9.8992499813127 9.72264582277178 9.78437499268815 11.378395875392 14.7943749998425 16.6050312391599 16.7504375383918 16.7461145495375 16.679437493692 14.5099166800937 10.6168958201379 6.16630208229375 5.81320833939632 5.86263539975819 6.2509270964656 6.61692706635222 7.26876045349248 9.01365623436868 9.58839586439232 9.79515625489876 8.66460414029037 9.75966668179414
