Landscape_phylogeographic_analyses/Environmental_files/WNV_rasters/Annual_precipitation_WNV_16.asc
NCOLS 390 
NROWS 216 
XLLCORNER -128 
YLLCORNER 19 
CELLSIZE 0.166666666666667 
NODATA_value -1.7e+308 
[rows 28 to 55 of 216, columns 126 to 188 of 390]
357.875 351.375 358.3125 377.1875 382.6875 379.625 382.5 383 368.5 366.3125 369.875 374.875 383.875 392.5625 404.5625 419.125 427.0625 429.375 431.4375 432.875 436.125 440 441.3125 438.3125 435.25 435.8125 440.75 456.4375 466.8125 451.0625 455.5625 475.0625 482.125 480.875 480.75 481.625 485.6875 489.125 485.9375 479.9375 472.9375 465.8125 465.6875 482.5625 497 501.0625 496.375 497.3125 506.875 521.5 527.375 514.5 501.6875 499.625 507.8125 518.1875 516.9375 518.9375 519 522.75 522.9375 532.9375 543.0625
352 349 361.6875 381.75 386.1875 377.5 367.875 373.1875 373.3125 368.5 364.9375 369.125 378.5625 392.6875 408.5625 418.125 420.75 421.875 423 424.25 429.3125 431.5625 434.9375 438.875 439.9375 440.875 443.1875 446.25 447.125 437.5625 449.625 477.875 492.3125 492.1875 490.125 484.125 479.375 487.25 485.25 476.6875 468.8125 458.25 454.8125 474.8125 492.75 494 495.25 500.3125 513.875 529.875 524.875 510.1875 500 503.9375 521.3125 536 534.25 526.75 523.6875 534.625 553.875 569.3125 571.125
355.75 356.25 364.8125 380 388.1875 386.625 380.6875 371.625 368.75 365.75 369.0625 369.1875 379.8125 396.375 409.875 417.8125 417.375 417.5625 416.9375 413 416.6875 423.875 429.5625 433 441.5625 445.0625 441.3125 439.625 436.6875 437.375 448.6875 467.1875 482.5 489.8125 495.375 483.9375 471.25 475.375 477.5625 475 472.375 465.25 467.625 478.4375 487.625 482.8125 488.9375 504.4375 515.1875 527.375 524.8125 510.75 495.3125 504.5 521.625 543.8125 546.125 534.9375 533.75 558.875 595.875 608.3125 604.5
360.875 364.75 369.8125 379.25 385.75 389 385.4375 374.5 363.625 351.5625 354.4375 364.125 385.9375 409.625 423.9375 429.0625 422 416 410.5 405.8125 409.5 415.9375 425.5625 430.8125 432.8125 434.625 431.4375 433.1875 431.875 436.25 447.3125 458.6875 473.625 481 480.875 471.625 463.625 466.625 474.25 484.75 490.5 484.9375 483.1875 485.6875 489.625 492.1875 496.9375 505.1875 515 524.9375 528.4375 524.75 514.5625 508.9375 516.8125 544.75 558.75 542.5 536.125 552.6875 581.5 597.625 611.3125
360.0625 367 376.875 382.8125 387.1875 386.25 380.25 370.6875 366.4375 359.6875 353.75 364.4375 385.6875 416 431.625 451.6875 455 425.5 406.6875 398.4375 403.0625 411.1875 419.125 428 432.3125 432.25 426.6875 427.5625 429.0625 437.125 448.5 456.75 471.5 478.875 471.8125 460.25 455.75 461.375 476.0625 494.75 509.8125 508.6875 504.5625 504.375 505.8125 508.6875 511.9375 517.5625 519.9375 536.1875 550.3125 544.25 534.375 515.75 526.3125 550.875 553.625 540.75 538.9375 552.1875 567.3125 573.5625 597.3125
365 370.6875 381.9375 385.8125 387.6875 383.3125 377 373.4375 361.75 353.875 352.625 360.375 378.5625 400.0625 419.5 445 454.0625 427.3125 407.3125 395.4375 395.125 405.5625 417.25 427.875 435.8125 441.625 449.3125 449.9375 438.25 439.5625 460.375 473.6875 479.1875 478.5 461.625 444.75 440.3125 454.75 478.0625 501.8125 516.6875 521.125 518.25 519.875 525.75 530 525.5 529.375 529.5625 543.25 558.75 551.375 541.5625 528.5625 545.75 565.9375 548.25 534.3125 539 565.5 584.75 579.75 590.375
364.4375 378.5625 388.25 394.875 391.375 380.4375 370.5625 371.25 368.8125 359.8125 353.0625 353.6875 361.5 374.5625 392.5625 414.5 427.8125 417.875 395.75 387.1875 388.625 394.5625 405.3125 422.6875 437.125 440.875 446.0625 445.3125 436.6875 441.25 460.375 481.375 462.6875 459.0625 445.4375 428.0625 427.125 447.625 472 496.25 512.25 522.75 523.5 522.4375 526.625 532.5 523.6875 514.4375 513.9375 532.375 546.125 542.375 537.5625 541.9375 556.5625 561.25 550.9375 537.125 539.5625 562.75 589.375 580.875 582.3125
339.125 345.5 365.25 381.875 378.6875 366.1875 358.5625 356.625 361 354.625 348.5 345.9375 342.0625 348.25 356.25 381.5625 399 391.5 382.375 378.5625 379.375 387.9375 396.5 407.25 420.5 425.75 429.5625 431.9375 428.4375 430.9375 434.5 424.5625 405.1875 420.375 423.8125 414.0625 417.5625 439.375 468.4375 499.0625 522.8125 537.375 523.0625 510.3125 509.0625 508.8125 506.5625 503.375 506.1875 529.625 538.0625 528.375 527.375 535.75 545.9375 543.25 544.9375 522.1875 509.625 525.6875 547.125 553.875 559.5625
329.875 329.1875 345.9375 361.6875 351.625 343.125 341.5 337.6875 337.625 336.75 336.3125 330.1875 326.875 335.875 341.0625 360.3125 367.8125 362.375 361.125 365.1875 371.8125 378.5 385.125 394.0625 403.6875 411.25 419.125 426.125 427.1875 420.125 411.375 393.75 387.9375 408.1875 411.375 404.9375 412.5625 431.1875 454.75 486.5 505.1875 515.75 507.125 485.75 481.5625 485.0625 487.625 489.6875 493.75 505.75 509 500.375 502.125 512 521.6875 520.8125 516.25 498.4375 482.9375 491.5625 507.3125 521.75 532.5625
313.3125 312.375 327.8125 325.875 317 319.75 319.875 323.9375 323.9375 321 324.0625 322.8125 320 323.3125 330.125 345.125 353.9375 350.6875 355.6875 360.3125 364.25 368.4375 376.5 383.1875 392.5 405.3125 416 423.875 423.3125 411.25 408 404.875 414.25 418.375 413.4375 410.125 416.5 426.9375 441.125 451.5625 460.5625 463.9375 463.875 459.5 463.5 467.4375 469.0625 471.75 472.8125 473.8125 470.8125 465.875 471.5 487.375 496.5 497.0625 493.5 483.9375 477.125 479.875 481.375 493.25 502.9375
310.5625 315.375 309.9375 300.5625 297.875 304.4375 308.9375 312.5625 315.25 309.875 312.4375 318.75 321.6875 326.125 330.5 339.375 346.9375 351.5625 360.9375 361.0625 358.5625 364.75 367.875 369.25 376.625 390.125 410.0625 428.8125 432.125 420.5625 416.25 419.4375 420.0625 422.9375 420.9375 420.6875 423.1875 425.75 430.625 435 438.9375 443.5625 445 447.6875 449 454.3125 455.8125 454.0625 453.25 449.6875 443.3125 440.625 450.6875 468.125 477.4375 478.3125 477.375 474.875 471.25 472.3125 472.5 477.6875 483.1875
300.75 299.3125 298.8125 289.875 295.0625 300.5 307 316.0625 320.3125 315.625 314.125 322 324.1875 327.75 330.5 337 346.5625 357.125 362.5 360.6875 359.8125 365 365.5625 367.4375 370.0625 387.0625 417.625 443.125 440.0625 436.3125 435.0625 434.8125 429.5625 432.9375 434.5625 432.5625 428.375 426 425.8125 426.1875 427.9375 430.0625 433.75 437.375 440.75 444.6875 447.0625 442.875 441.9375 436.1875 426.6875 425.25 442.3125 459.5625 470.625 474.1875 470.75 469.125 469.9375 475.1875 472.125 475.75 485
292.625 290.1875 288.6875 285.125 296.25 301.75 312 316.3125 324.5 324.4375 323.625 323.1875 328.375 330.8125 339.6875 347.5 353.125 357.9375 358.5625 359.375 359.1875 365.0625 367.4375 363.625 372.6875 389.5625 421.9375 441.5 442.9375 438.375 441.4375 448.0625 441.9375 439.875 444.1875 441.6875 434.75 428.0625 424 421.75 423.3125 425.0625 428.125 433.4375 437.4375 439.5625 439.75 438.125 437.9375 434 429.5625 431.3125 444.1875 462.625 473.875 475.6875 473 471.75 473.375 475.5 472.875 480.3125 491.25
294.0625 290.1875 292.1875 296.6875 296.5 304.0625 307.9375 315.5625 327.1875 332.1875 330.5625 330.5 334.375 341.9375 347.6875 352.6875 352.1875 355.9375 356.375 358.1875 364.25 368.5625 364.8125 369.25 378.5625 387.8125 408.8125 430.125 438.9375 439.8125 440.8125 442.875 443 443.75 444.25 443.4375 443.625 429.5625 420 418.0625 416.8125 419.125 424.9375 431.0625 435 436.4375 436.4375 433.1875 437.0625 438.8125 440.625 442.0625 455.6875 472.1875 483.8125 484.1875 481.0625 476.875 474.1875 476.5 480.375 488.9375 502.375
304.9375 302.1875 301.75 298.875 305.25 307.875 311 324.5625 343.4375 359.125 347.4375 346.8125 349.8125 354.3125 358.0625 362.0625 359.6875 356.25 354.25 365.125 369.8125 374.4375 375.5 383.5625 394.1875 398.5625 406.8125 413.375 425.875 436.125 437.4375 435.6875 436.625 438.8125 441.25 446.875 441.625 424.25 412.875 413.0625 414.0625 419.8125 424.0625 430.5 435.0625 438.875 443.8125 442.6875 445.5625 444.75 448.625 456.375 464.6875 481.75 496.1875 496 491.625 482.9375 479.875 485.9375 489.375 498.6875 512.875
312.5625 316.3125 314.8125 309.5625 304.9375 311 317.5 335.5 352.4375 362.75 352.875 353.4375 357.4375 363.625 366.0625 365.125 360.4375 354.3125 359.375 365.9375 375.4375 379.875 385.6875 390.5 398.4375 404.8125 410.8125 414.1875 416.5 427.3125 429.75 431.875 424.5 421 430.6875 437.5625 437.5625 429.25 419.8125 417.625 416.75 420.0625 425.75 434.125 439.875 444.25 447.6875 449.4375 451.25 456.4375 460.5 465.4375 471.9375 489.25 505.75 503.1875 493.5 487 484.0625 490.625 499.5625 509.5625 524.75
321.75 333.25 327.5 311.4375 301.6875 306.1875 318.625 333.9375 346.5625 349.375 354.5 357.5 365.0625 367.6875 365.9375 363.375 358.125 361.5 362.5625 368.4375 374 383.25 394.125 397.5625 403.4375 407.25 413.875 418.4375 417.6875 419.875 420.875 419.125 413.8125 408.1875 423.1875 435.5625 438.875 435.125 428.9375 422 422.5625 423.75 427.4375 434.0625 443.75 449.5 451 452.0625 455.5 460.125 469.125 476.5625 483.9375 499.5 515.6875 507.9375 495.0625 484.625 485.9375 499.1875 511.1875 525.6875 545.875
325.3125 325.25 317.6875 305.875 300.4375 304.4375 312.25 320.5625 336.3125 346.1875 355.375 360.9375 364.125 364.4375 361.625 358.3125 358.6875 362.1875 363.625 367.9375 372.25 385.5 395.0625 401.8125 412.0625 411.875 419.625 424.75 427.875 428.625 426.5 424.75 421 414.5 430.6875 446.875 447.125 436.75 430.1875 426.5 422.9375 417.1875 422 432.3125 442.125 449.3125 450.9375 451.9375 455.3125 462.5625 471.5 478.6875 488.0625 499.6875 507.9375 502 494.0625 485.625 490.5 509 525.125 543.125 566.3125
317.3125 313 308.375 299.5 299.4375 301.3125 304.375 312.9375 330 346.6875 349.625 350.125 353 356.0625 358.0625 362.375 366.125 365.625 363.5625 368.25 374.5625 387.0625 393.125 398.8125 408.5 415.875 421.875 428.3125 432.1875 430.3125 428.6875 427.9375 426 428.3125 433.4375 447 447.875 441.9375 433.5 427.125 421.8125 418 420.0625 428.0625 433.5625 434 436.3125 442.625 454.3125 464.8125 472.8125 478.375 484.3125 489.25 496.0625 493.1875 489.625 490.4375 495.3125 508.4375 526.6875 549.5 574.375
310.5 304.3125 298.8125 292 292.5625 299.0625 303.5 317.6875 335.75 340.6875 335.75 340.1875 342.0625 346.125 353.8125 367.8125 371.8125 369.75 371.5625 372.875 375.375 385.125 390.1875 398.0625 410.0625 421.75 425.6875 430.625 435.3125 434.125 435.1875 435.625 435.625 435.1875 434.125 439.6875 439.5625 441.3125 433.125 426.25 419.625 419.125 420.4375 424.3125 427.6875 425.1875 423.625 436.5625 449.375 459.875 470.5 479.25 482.4375 481.125 486 484.4375 488.125 492.25 496.5625 507.125 524.875 544.375 565.5
302 295.3125 290.125 288.8125 286.25 294.9375 308.4375 314.25 311.9375 306.6875 309.9375 320.25 331.5 339.375 353.875 365.1875 377.625 377.5625 380.625 377.75 377.6875 383.25 394.6875 400.5 412.25 422.25 427.5 439.6875 442.125 441.875 437.375 437.25 438.6875 437 434.5 432.75 431.625 433.375 425.8125 417.8125 416.9375 421.1875 430.375 431.8125 431.125 426.5 426.4375 437.5 448.6875 458.125 468 480.6875 485.8125 482 481.6875 481.5625 486.3125 487.875 493.4375 505.5625 522.5 537.5 552.375
290.5625 290 290.5 290.625 287.9375 296.4375 310.0625 306.5 301.0625 301 309.3125 315.1875 328.8125 344.125 355.25 372.5625 382.0625 382.375 381.3125 377.5 379.0625 388.5 397.1875 405.6875 416 423.1875 427.8125 434.375 438.4375 439.3125 436.4375 434.4375 432.1875 433.5 427.4375 426.75 424.6875 422.9375 419.375 413.0625 412.8125 421.4375 435.0625 443 440.8125 436.8125 434.5 441.625 449.5625 458 472.1875 488.8125 498.3125 495.75 488.9375 487.0625 486.375 486.25 490.375 501.5 514.3125 528.5 544.125
291.0625 290.6875 294.875 293.3125 296.375 301.0625 310.5 314.875 314.875 319.3125 324.375 331.0625 335.3125 349.6875 361.375 371.6875 384.0625 381.8125 378.375 379.4375 382.4375 387.5625 394.5625 403.5625 413.5625 420.625 425.5 430.5 431.25 432.4375 429.1875 429.875 427.3125 425 423.5 422.4375 419.3125 420.5 411.6875 413.9375 416.5625 428.375 448.375 462.5625 449.625 443.125 442.5 448.5625 453.5 463.875 480.5 496.8125 509.1875 506.375 499.1875 492.9375 487.9375 486.4375 489.875 501.625 513.375 527.5 542.5
300.625 303.4375 303.1875 306.1875 309.875 317.625 330.125 333.6875 340.875 338 335 349.5 354.8125 356.0625 366.25 374.5 380.25 371.1875 368.5625 384.6875 387.25 392.6875 397.625 404.1875 410.5 413.625 415.3125 420.1875 422.25 428.6875 428 426.5625 425.0625 421.6875 417.4375 413.875 410.5625 405.25 403.4375 412.3125 426.875 436.4375 449.875 459.9375 451.25 445.0625 447.4375 454.25 459.25 467.375 486 504.4375 514.0625 510.125 502.125 494.8125 488.3125 486.1875 489.125 502.8125 518.6875 532 544.5625
322.75 321.6875 325.4375 327.25 329.4375 342.0625 342.75 344.125 344.9375 341.6875 341.3125 350.75 366.0625 365.1875 381.0625 388.9375 382.125 369.25 372.25 384.0625 392.5 397.1875 399.875 404.9375 406.75 408.0625 411.875 418.375 424.625 428.5625 425.75 420.9375 415.25 412 412.9375 409.75 403.375 395.75 396.5 408.9375 422.5 431.9375 440.5 448.75 445.4375 445.5 451.25 461.8125 471.625 479.0625 495.3125 511 514.3125 508.9375 503.125 497.5 492.5 489.875 495.875 507.75 521.875 535.5 546.4375
353.0625 348.9375 350.25 346.1875 355.25 353.9375 350.8125 348.0625 349.5 344.5625 346.625 353.625 371 382.1875 395.5 398.5625 383.8125 366.4375 368.25 384.9375 391.3125 397.25 401.75 404.3125 405.1875 403.6875 409.5625 419.6875 432.375 437.4375 429.25 417.0625 405.9375 407.4375 411.75 414.1875 408.125 393.9375 388 411.0625 423.6875 423.125 431.625 443.4375 448.8125 444.625 453.3125 468.125 482.625 487.125 499.9375 513.1875 511.75 504.375 499.4375 496.5625 495.3125 496.4375 503.0625 516.5 529.8125 534.1875 540.5
371.75 372.5 372.0625 361.3125 364.8125 362.625 359.0625 362.625 358.6875 357.375 363.875 364 370.0625 403.1875 418.25 404.75 377.4375 357.9375 366.125 382.8125 394.25 402.3125 404.5625 403.625 400.9375 401.4375 407.0625 422.5 441.75 446.75 434.125 418.625 410 414.5625 417.375 418.5 414.375 410.0625 404.9375 413.75 427.25 425 432.875 446.8125 453.9375 451.875 455 469.1875 481.5 487.9375 497.875 506.4375 506.5 498 492.5625 489.875 497.9375 510 510.875 520.5625 527 532.9375 542
391.3125 384.75 385.5 380.75 375 379.0625 379.875 366.9375 368.0625 357.875 363.8125 358.75 366.125 391.125 395.625 378.3125 368.5625 360.125 364.5 378.625 390.6875 398.625 400.125 398.1875 398 403.5625 411.3125 419.625 427.8125 431.9375 426.5 421.6875 417.1875 418.75 420.6875 421.4375 425.3125 423.1875 422.9375 426.0625 431.75 431.4375 437.5625 450.6875 457.4375 455.8125 460.3125 469.8125 480.4375 490.6875 500.5 504 498.6875 493.625 488 488.25 503.5625 512.4375 519.5625 524.5 530.9375 538.5625 548.625
