Landscape_phylogeographic_analyses/Environmental_files/WNV_rasters/Annual_mean_temperature_WNV_16.asc
NCOLS 390 
NROWS 216 
XLLCORNER -128 
YLLCORNER 19 
CELLSIZE 0.166666666666667 
NODATA_value -1.7e+308 
[rows 110 to 131 of 216, columns 196 to 244 of 390]
14.8678645528853 14.8676666943356 14.7380416534531 14.6145208431408 14.3316250403101 14.0893645929173 13.854812508449 13.6070833383128 13.3615416483954 13.6407395871356 13.8294583288953 13.7863749392952 13.8123854091391 13.9746249892438 13.8685520589352 13.9571041672801 13.9429374998435 13.8368541502083 13.9414687606816 13.6641771004846 13.5542916947355 13.63453126885 13.7377291688075 13.7083229195947 13.9771145395935 13.9588853872071 14.1304166469102 14.2492499941339 14.4454270297041 14.5233332285037 14.5277291679134 14.5067187324166 14.5590937454253 14.5545833955208 14.5254271846885 14.4946771056081 14.4471041752646 14.4267604056125 14.3901458388815 14.3367396462709 14.3155833644172 14.2901457492262 14.3257812336087 14.3625728810827 14.2277395774921 14.0791145563126 14.0307812827329 14.093385476619 14.0573333408684
15.125270812617 15.0597292015639 14.8075208319351 14.5803020771903 14.330427063629 14.0661979395275 13.9184167043616 13.8005521312977 13.7930520822605 13.8305312904219 13.9179270528257 13.7687186878175 13.8132395120338 14.0042395973578 14.221791634957 14.152260399734 14.2419687827739 14.0822187382728 14.2179270812 14.032072900484 13.8817083643128 14.0375312610219 14.1490312408035 13.9771978911012 14.2013333247354 14.4153437508891 14.5405103874703 14.6994478742902 14.7745000207797 14.7759270863608 14.7142708400885 14.8107708152384 14.8126041851938 14.7783333429446 14.7315833015988 14.6568958253289 14.470281210728 14.5031875874847 14.5157187251995 14.4608749436835 14.422291594247 14.3127291848262 14.3001250357678 14.3517187573016 14.1359270432343 14.1336562192688 14.1446458529681 14.0562916727116 14.0760624694328
15.2891145469621 15.0491666713109 14.7989375394148 14.687093769821 14.5100000078479 14.2231771027048 14.1296458464737 14.0122708256046 14.0105104210476 13.8554792134091 13.8292395829534 13.6581666972488 13.6755728889257 14.0135937699427 14.1507603600621 14.224166608726 14.4035833055774 14.4346770849079 14.4102604252597 14.2640416861201 14.1958645482858 14.2678021031121 14.3678020630032 14.4718229087691 14.6184791416551 14.7781874885162 14.9613333524515 15.0194790968671 15.0261250138283 14.986749994879 15.0734166487431 15.084052096121 15.0668854402999 15.0151562644169 14.9717187968393 14.8598437126105 14.7843437340731 14.7358333313217 14.6531459499771 14.5446979186187 14.4861041419208 14.3382603724798 14.3779583337406 14.3264687443152 14.2521250285208 14.0349479019642 14.0054479241371 13.9091354149083 14.0490625078479
15.3696249229834 15.0980624915101 14.9463958361497 14.901895777788 14.7024582928667 14.477385400484 14.3059792034328 14.1906145429239 14.0804582911854 13.9397916582723 13.835302097102 13.4540625164906 13.6672187711423 14.1670312350616 14.2368541335066 14.3212499994164 14.4324375096088 14.3491979877775 14.394677069659 14.645812535348 14.5577916350837 14.5974895233909 14.7441145985698 14.9131979268665 14.9870000186687 15.2202708586119 15.2796250646934 15.3104687950884 15.1887291607757 15.3658125336903 15.3655625060201 15.3430312266573 15.3155937567353 15.2681875598306 15.2271770670389 15.0933854207397 15.0227916461105 14.8969167014584 14.7712605434159 14.6496042612319 14.5684375365575 14.4657604532937 14.4103645719588 14.3383437429244 14.2959583010524 14.0957291622957 13.9497708234315 13.9221145665894 13.9983125052725
15.5598228836461 15.3390625216998 15.2550833457305 15.0605833556814 14.842093729414 14.4308333549028 14.181114580327 13.9087187321857 13.8868021015078 13.7065104177843 13.4600729256247 13.4766666780536 13.6827707951888 14.1040624935801 14.2187500608464 14.4951042132452 14.2496041224028 14.2785208361844 14.5652812585856 14.7680833398675 14.9039895785972 14.9423645734787 14.938072904634 15.1493854438886 15.4419687651098 15.5213333366749 15.5483958165472 15.470802036114 15.5153541656521 15.6101458035409 15.5849374580818 15.5534270824088 15.5354478267642 15.4831041381694 15.3994062226266 15.3115520556457 15.2197291692719 15.0936353836829 14.9082396846885 14.7282917502647 14.5826563183218 14.5204791917155 14.4379791934043 14.4168437542394 14.4070729666079 14.2932604216039 14.1503854366019 14.1151979531472 14.0249270787463
15.7413749831806 15.488260445476 15.4136978888443 15.1011562292891 14.911958352585 14.6372499980498 14.3730624742651 14.10051039195 13.8289166614413 14.0263958208573 13.9149687695317 13.8184479029539 14.0390520761721 13.7694583522777 13.8157395723586 13.8184999863928 14.2040833864982 14.3144895912459 14.3372187151884 14.4929270921275 14.7648124656019 15.2131875311024 15.4473854205571 15.5242603830217 15.670916675978 15.7143957801163 15.7374999767344 15.7104374686023 15.7910521278003 15.7808542076188 15.7524583811561 15.7143437080861 15.6855103073564 15.6153957876377 15.4329479094595 15.3881041969483 15.372302187141 15.2396562012533 15.0729896025732 14.8645520731807 14.7152187644194 14.6273021083325 14.5650208204364 14.5487708166863 14.3827812653035 14.3151146173477 14.3054479472339 14.321156278563 14.314687515609
15.8628228723828 15.7358021121314 15.5035520605318 15.4046562370204 15.410208288716 15.3907603754196 15.1376874696774 15.1708333434847 15.2272083411614 14.6924999996554 14.6948020861795 14.6414374910916 14.7553124638895 14.6078229332343 14.4532707779047 14.3282916314589 14.7329999970583 15.0342291631969 15.1101145342885 15.1040729211672 15.0050729721164 15.1512916705882 15.4042083390523 15.744458294784 15.8429478204926 15.8773229396005 15.892729313091 15.8611979889368 15.9453855598113 15.9379168028221 15.915354291404 15.8665938428991 15.8033854197517 15.6746353482595 15.638760254796 15.5694374459563 15.4612500068033 15.3338437782756 15.1943228458986 15.0836353949271 14.9609166495502 14.8220520677666 14.8327604082103 14.7374583644172 14.5100833332787 14.323499989075 14.1935729275768 14.268187484704 14.4321458491807
15.9525937584622 16.0326146124535 16.1087916582946 16.0223333272928 15.8919375058807 15.9422916822635 15.9365000357005 15.8365416577047 15.6471146014519 15.6877186683317 15.7073437506333 15.6787708521685 15.4394166636824 15.405562451963 15.2846979226451 15.3346562073566 15.3164583204004 15.2935000292491 15.2670521230126 15.267802071292 15.5461562255708 15.7635208872768 15.6566458239298 15.9255729038159 16.0088541556615 16.0207187600269 16.0305938163462 15.972072967755 16.0895417887356 16.0840001215935 16.0688646744517 16.0262708283068 15.8535000230719 15.748218689075 15.7215832933725 15.6452395228553 15.5276666328233 15.4500626054748 15.2449270596262 15.1564166742998 15.1137812555147 15.0335208050286 15.0379375002037 14.9272708268836 14.6815312240894 14.4238854013383 14.3624479041124 14.3292916314676 14.3123854848867
16.0494062507751 16.1257917075988 16.160083368537 16.1802917349851 16.1598958292743 15.9984374599687 15.8941250225689 15.8194791575346 15.776593763488 15.5627916956243 15.0893749833922 15.3802083233507 15.624906252507 15.7981145710801 15.8305312069048 15.880104116705 15.8309062839932 15.854447927748 15.790177121642 15.6551250058304 15.8115729233383 16.0601667282851 16.13953130343 16.1544791704558 16.1525416040192 16.1477915403666 16.1494062376829 16.0729999218408 16.200333245021 16.2103123779331 16.2185416092398 16.1959999919394 16.0910312592799 15.935270877749 15.8066250322275 15.6537812542629 15.4889166584859 15.4116354135719 15.4396978797546 15.3139583029163 15.1949479135995 15.244281253467 15.27309374162 14.9794895585316 14.752385416689 14.4643957667674 14.5122187531864 14.5643853979806 14.5507082886373
15.9156249440275 15.929468792902 16.05229167842 15.9174374974488 16.1833646088295 15.7734895368145 15.8161666693001 15.8242916281403 15.7415104475488 15.3844687812962 15.4841249535263 15.7377291116087 15.8309166729911 15.9528437574348 15.7164999741302 16.1012499643887 16.1643020277843 16.1511979072626 16.0750833115308 16.1140000095086 16.2205312597604 16.3102917860573 16.3277500647043 16.314656300218 16.2711770675184 16.2460936810433 16.2405311632901 16.1555103899251 16.2938540440907 16.3133019884699 16.3335624660516 16.3103229180706 16.1766353916052 15.9942083271077 15.8373541481827 15.6873853932848 15.5371249449672 15.4275625000009 15.4824270881557 15.4707499960593 15.4092812210632 15.3998020992149 15.3798021212363 15.0457186939505 14.7971145994961 14.6992604297896 14.8959687223348 14.8766250116751 14.8793020729596
15.8851353663485 16.1091250317016 16.1266979522382 16.1982499827476 15.9757916240487 15.5616666258623 15.4019479050379 15.6142916485308 15.1520729006637 15.3929583443484 15.5539167278136 15.5003124961707 15.5151562137095 15.6312395955708 15.6786041882006 15.9662499822443 16.1573020352128 16.3392499936745 16.2689583920001 16.3312187693082 16.36492716327 16.4153125491187 16.4416772237055 16.4314480633281 16.3669896047553 16.3258958134757 16.317145766249 16.2909999355276 16.3538853665668 16.3564584015451 16.3557916077055 16.2573020599254 16.1024167223368 15.9739479330601 15.7939478823015 15.6148437498559 15.5677916059503 15.4711354077638 15.5519687517469 15.5430521408562 15.6093854433081 15.5091458756166 15.4478125280026 15.3270312418948 15.2031457711322 15.2658749786982 15.2458958223482 15.2373020324073 15.1815937707045
15.912635456693 15.8734790989353 15.8158020921983 15.5300833205692 15.447968736873 15.0532291300963 15.0958332757424 15.2613854257361 15.2316666850917 15.1791666624534 15.1027187372698 15.2497187283613 15.2133749686812 15.2825729363237 15.6784271153932 15.996604160949 16.1450937526921 16.3774374611518 16.565562506541 16.5792915559917 16.5760625423427 16.558010458985 16.5304480519493 16.4942500613009 16.4724479878011 16.4316771500162 16.3924479302271 16.3503958481463 16.3842604628771 16.3751666327262 16.3817811974089 16.2431770689339 16.1164374928339 15.9553750011837 15.7486666593819 15.6515209159212 15.7068437619503 15.6921563053899 15.6335729700853 15.6137812566558 15.6733853799136 15.610770847629 15.5211145899569 15.4823749752735 15.4681146209768 15.5374583068527 15.5767917016929 15.5634271260157 15.5391667194684
15.9405103924801 15.6919062527207 15.3696666550046 15.2775625228921 15.043833339582 15.1915000042463 15.0713437147982 15.2484583590473 15.1588229549355 15.3518854183482 15.4421354194237 15.5143750399778 15.6753646028034 15.6881666694923 15.9636249871304 16.2283333669572 16.4024895001009 16.4894061903712 16.6182915950934 16.7352917110547 16.7573854599614 16.7496249640826 16.6608958307964 16.592770767243 16.5369061552143 16.5196667141281 16.4748542305703 16.4328646281101 16.3685521497003 16.4504479302147 16.4163437840628 16.1823020544058 16.1017500064336 15.9141354467999 15.8770103940139 15.9251875197042 15.8969062683755 15.8687916719791 15.816249945007 15.7509167176759 15.8838020625844 15.8774375152061 15.6927916598264 15.505666665112 15.347354113801 15.2733958273505 15.522979191388 15.5585208181098 15.5372604131226
16.0271666586244 15.8106770676871 15.6849270955427 15.518322948056 15.6558750001714 15.4109166775209 15.1966874474698 14.929406253815 14.9259270893526 15.2563749942346 15.332864551771 15.5308750108622 15.7787083081591 16.0625937643927 16.2461979187792 16.414052169576 16.535656337927 16.5588333172479 16.6243228772849 16.8179062509444 16.9211353299518 16.9071458508261 16.8178229123975 16.7149270866066 16.6318750535138 16.5987500444365 16.6182187938442 16.5967708588578 16.5472187877555 16.5612813289238 16.5301980101891 16.2767708138272 16.1588542219639 16.0996354439509 15.9858957848046 15.8683020908696 15.9870937401429 16.0829375272151 15.9577292290051 16.1283230173091 16.0662708824966 16.0690000918694 15.8110104667006 15.5543958272319 15.3438229190651 15.2225416935204 15.2320624748051 15.4508437939124 15.5078854305696
16.3098229091459 16.2272708328286 16.0438437434689 15.8698228912932 15.6460937623245 15.6453437130355 15.8209479101545 15.7327187723325 15.6312188152224 15.6713437838868 15.754666645856 15.9196353442967 16.0526145561598 16.2869270543645 16.486447926145 16.4128853596145 16.6517396574297 16.7004167268751 16.6944166251924 16.8949063064841 17.0990103748627 17.0324270374452 16.9398750228186 16.8652084044491 16.777395968015 16.7499167420901 16.756885356425 16.6596458499941 16.6999688336315 16.6578750340656 16.6408958817677 16.4711458564064 16.2649270463407 16.1298541638171 16.0788749846785 16.0322500482046 16.0353125387725 16.0916770809175 16.1324896021591 16.3193019924414 16.2278854761583 16.1850000304791 15.9495416857474 15.6539166451318 15.4212083601548 15.3498542059485 15.3129791580723 15.4528958778028 15.4639063425736
16.5528854761311 16.5582812936239 16.4534791541519 16.3049583598234 16.2676667094929 16.3657291672813 16.3087916693961 16.2418437844608 16.0754792045336 16.0976875169824 16.0550209329619 16.2215937358948 16.4155416843326 16.6134166404178 16.5963334373664 16.4973125268007 16.5631250783954 16.7441458787459 16.779677136646 16.8231875482015 16.9955727883304 17.0874791673074 17.0834061871283 17.0320416443671 16.9164167231259 16.8725104696738 16.8529375478004 16.8886978588998 16.8615000105153 16.8006873929407 16.779916684997 16.5702291597845 16.3641145833256 16.2765520817484 16.1928021213195 16.1573958506342 16.227531288052 16.2654896387442 16.205125042703 16.4199895375459 16.4210208369477 16.305843744849 16.0377395947483 15.840250005452 15.675531273863 15.6234479614432 15.5906667475635 15.6281353707661 15.6988749520909
16.7961145909067 16.749541717368 16.7056041415975 16.6676146515929 16.6293437943483 16.6694688075028 16.6435729368435 16.5272812356125 16.4926979095908 16.3928020385404 16.444385369968 16.5444062137879 16.6317396450589 16.6995416650134 16.7509063041859 16.6815730228603 16.6302084477017 16.7223751279719 16.8225833332787 16.8342916932888 16.8076146050977 16.9602291970514 17.1508333119564 17.183812449531 17.0824270515392 16.935322948421 17.0318020886431 17.051552064872 17.0291874279889 16.997927065473 16.9439688144096 16.7471771038836 16.4727187738645 16.4751145442812 16.3945416601806 16.390052070133 16.369614623875 16.4040312356204 16.3783958299828 16.5188542188565 16.5425312656577 16.3612083508063 16.1919791354643 16.0243749838167 15.8907291831359 15.8800103842999 15.8144895743462 15.9114478488724 15.9335104061368
16.7892707719196 16.7665311987706 16.8340729053865 16.872385423679 16.8215729247301 16.8107500524796 16.8350416961888 16.8759896034984 16.8190416072321 16.6236875285395 16.6237604400533 16.765843837003 16.8063021522054 16.8135625861857 16.8419375623149 16.8503229587708 16.751562541797 16.7498125992715 16.7783854711646 16.8779272035075 16.8685312696422 16.8564270489539 17.0866979379207 17.1979896252354 17.1670937007293 17.0618541237588 17.2061875788495 17.2156146580043 17.1970417539123 17.1983333899019 17.1189792462004 16.9504583540062 16.67602083638 16.6322708373191 16.525364576252 16.539531291055 16.466468798284 16.4435000257387 16.543791667032 16.6408333302437 16.6344270679595 16.56275002094 16.3599479211674 16.2075624992528 16.1094895656376 16.0815312336975 15.9708958508369 16.0996458186613 16.1940938164638
16.9933750383789 16.9743646049174 16.9866145951673 16.9958645839167 17.0696458662084 17.1374271511255 17.1724895805431 17.1771354247661 17.1349062526909 17.0106874721823 16.8412500501533 16.8134896395495 16.8491771781507 16.8801980051988 16.9950416948025 17.0474166791731 16.9312812564118 16.8740520644933 16.8581146565266 16.8800520976074 16.9286874540461 16.903520814764 17.0713853856238 17.2793854229773 17.2813229866636 17.3061875494507 17.388114599511 17.3419895245849 17.3682395871559 17.3760105090914 17.3058020661119 17.0913541107438 16.7108229081302 16.5439166839157 16.4590207169543 16.4156561541119 16.4674374503811 16.5118540758267 16.6972709897479 16.7315312562278 16.7790520708853 16.7634896209929 16.5670000742418 16.4124687472358 16.2844687283311 16.319135424972 16.2523124886987 16.1881978942195 16.3722916385559
17.2136353950482 17.1877916877468 17.2423021323824 17.2526562743975 17.2952395571241 17.2988958230708 17.2846354255841 17.3981041829005 17.2571562400553 17.3081042960597 17.1127500014845 17.0207292095292 16.9759271272924 17.05413544698 17.0908437469043 17.1465312497069 17.1568958772502 17.0752708208747 16.9983436843225 16.9583749664792 17.027458232517 16.9992083911784 17.1575104777391 17.4137083121362 17.4206458063879 17.4191041603735 17.5037083159162 17.4783957496402 17.5042707745536 17.4964062318371 17.4261769457626 17.095166629646 16.7327188062482 16.6343230339116 16.58760422381 16.5762395731096 16.5309375040233 16.5747916537803 16.7491458747148 16.7754166806117 16.8599478659841 16.9193229228258 16.6694166448045 16.5974583505255 16.5245312575086 16.5556041910507 16.5762292150466 16.4160000348566 16.4044062289468
17.3459479632244 17.3455832719725 17.4079582813429 17.5023123711289 17.5065311365955 17.4948541381746 17.4901666485675 17.4610520670103 17.3891978994167 17.4911874289974 17.2781145833821 17.2011561440304 17.2012708058464 17.1632083455722 17.1946146029513 17.2484166185798 17.2414790846718 17.1804791744798 17.178697908336 17.1451041770342 17.0843541131665 17.1405728540073 17.3415937051177 17.569635450971 17.6092395252878 17.5470312144389 17.6379790972945 17.6434895216759 17.6381769820437 17.5908749659623 17.5011457305397 17.0429791367302 16.807187497383 16.7950937704494 16.6605312332977 16.5819583142099 16.5294895398353 16.6075416957028 16.7545104036884 16.9052290855907 16.9524686529767 17.0208749810699 16.9107082649522 16.7960208187966 16.7721250135607 16.8239791464681 17.0257708012941 16.7591667136391 16.505031276145
17.4006146119355 17.4987187029522 17.638020809108 17.7461562463432 17.7139478992916 17.5854791543231 17.5526145585888 17.5351562056918 17.4885728675266 17.5758020906966 17.3779583968474 17.3566979148454 17.2878645602298 17.276416689109 17.323354180844 17.3313542076115 17.2865833498654 17.2208854168033 17.247895809589 17.3059686922546 17.1908749206923 17.2708332877373 17.5194895439624 17.666770895036 17.6764270120439 17.66494778924 17.7420623786942 17.7714791000277 17.7503229036617 17.705937508028 17.465208345835 17.0858125125524 16.9660833178398 16.9203125533337 16.7596874760153 16.6668540548223 16.6301562002239 16.6658541760407 16.7095833437052 16.9485624583128 17.0838957922533 17.1440728645151 17.1480833022894 17.0168124489331 16.9451145523538 17.037114614388 17.1914270963231 16.9703229352017 16.8214166559434
