Landscape_phylogeographic_analyses/Environmental_files/WNV_rasters/Annual_precipitation_WNV_16.asc
NCOLS 390 
NROWS 216 
XLLCORNER -128 
YLLCORNER 19 
CELLSIZE 0.166666666666667 
NODATA_value -1.7e+308 
[rows 28 to 55 of 216, columns 63 to 125 of 390]
1343.4375 1344.625 1164.4375 910.125 1138.875 1105.25 992.9375 939.625 756.0625 557.875 579.25 645.75 672.5 665.1875 740.0625 661.125 723.875 682.8125 640.1875 578.9375 538.1875 505.625 455.8125 430.6875 415 406.1875 400.875 391.6875 380.5 369.25 357.0625 344.25 336.75 338.25 333.375 328.875 321.1875 312.6875 312.1875 318.4375 322.375 323.125 333.9375 343.5625 350.8125 355.6875 358.9375 358 351 348.5 364.5625 379.4375 385.75 385.6875 372.9375 368.125 371.5625 382.625 386.75 386.5 381 375.0625 366.5625
1099.5 1252.1875 1187 953.4375 1060.125 1032.375 999.875 927.1875 762.5625 626.9375 484.25 610.9375 690.8125 763.75 747.125 654.4375 725.0625 702.4375 662.125 591.3125 560.5625 515 458.5625 436 418.1875 406.125 396.25 395.6875 380.875 372.125 363.5625 351.625 338.125 339.5 336.875 332.6875 325.375 322.0625 325.125 328.3125 329.125 332.6875 339.3125 342.375 343.0625 351.125 359 364.1875 369.0625 375.0625 381 398.875 411.25 401.0625 395 387.8125 384.625 386.3125 394.8125 391 381.125 373.4375 362.4375
1057.5 1200.5625 1177.4375 926.25 1062 1055.875 1003.3125 934.75 855.375 651.3125 438.5625 694.375 767.8125 774 742 658.875 728.9375 699.625 628.9375 591.3125 568.4375 536.3125 470.1875 439.375 431.25 412.3125 400.9375 388.4375 373.375 369.25 371.75 364.5625 351.25 349.5625 344.75 342.9375 335.125 339.125 338.375 333 337.3125 344 350.5 353.9375 352.9375 368.3125 380.375 382.0625 392.375 403.25 407.3125 422.1875 429.625 415.0625 399.4375 390.3125 387.375 384.5 384.75 378.4375 368.0625 364.5625 359.5625
1061.5 1199 1177.5 913.25 974.875 988.1875 876.75 923.625 817.875 559.375 411.75 664 787.9375 739.3125 756.25 694.5625 709.375 722.75 684.0625 594.4375 545.125 561.4375 515.8125 453.3125 434.4375 415.8125 398.9375 384.0625 377.0625 378.25 381 380.125 371.5625 368 359.0625 351.1875 346.5625 349.125 340.625 344.8125 362.5625 376.625 387.5625 395.25 398.4375 413.6875 412.8125 439.375 477.5625 495.8125 475.3125 460.75 435.8125 402.875 393.9375 388.5 379.625 374.9375 366.8125 362.4375 362.0625 359.9375 359.0625
1082.6875 1041.8125 1012.125 923.25 877.1875 996.625 923.5625 821.1875 714.1875 514.5625 434.0625 489.625 743.5 745.5 806.75 753.375 706 722.0625 668.75 593.4375 521.375 508.1875 493.5625 482.4375 466.5625 436.5 422.9375 398.4375 391.1875 400.0625 407.5 404.3125 396.375 386.4375 379.5 369.4375 360.1875 353.5625 345 349.1875 367.375 384.875 398.9375 419.125 428.375 430.6875 443.1875 475.0625 486.9375 478.0625 464.4375 440.25 405.5625 391.3125 389 383.0625 375.6875 371 373.625 365.5 359 355.6875 355.1875
1006.75 1022.125 1082.1875 1000.5625 792.625 1000 879 871 812.25 643.0625 612.9375 640.5 560.3125 700.625 830.375 786.375 775.125 784.6875 709.3125 674.875 633.1875 593.625 557.875 523.5625 486 461.0625 438.125 413.3125 409.4375 416.1875 424.125 415.125 405.1875 391.5 386.75 380.125 369.9375 360.3125 349.5 348.9375 351.25 364.25 374.3125 362.6875 354.1875 357.625 369.75 376.9375 392.3125 406.0625 411.1875 406.6875 382.5625 380.25 375.125 362.8125 360.5625 361.0625 359.375 359.75 362.75 360.3125 360.6875
948.5 944.5625 1030.5625 1008.375 853.75 797.5625 819.6875 803.25 801.1875 698.5 752.875 722.375 622.75 517.75 709.6875 779.375 803.5625 781.5625 808.4375 804.125 791.625 754.6875 659.3125 580.125 521.1875 475 445.25 423.1875 419.4375 430.875 443.75 421.8125 398.8125 386.4375 389.4375 385.8125 371.1875 358.0625 345.5 340.0625 342.5 355.3125 347.5625 330.4375 307.9375 311.5625 329.375 324.4375 342.8125 370.125 379.375 374.8125 366.6875 359.6875 354.5625 351.875 349 347.1875 341.875 344.5 346.6875 355.8125 360.625
865.375 863.4375 996.9375 973.125 901.8125 652.1875 723.25 752.25 737.8125 762.375 748.0625 721.375 725.375 523.6875 605.8125 779.375 807.8125 764.25 776.25 844.9375 836.875 831.875 744.375 648.8125 539.125 472.1875 433.9375 410.75 394.6875 400.4375 405 397.75 372.9375 361.25 368.5625 367.9375 354.6875 347.8125 341.75 338.875 338.5625 338.375 328.5 307.625 295.3125 301.875 303.75 301.8125 312.8125 336.6875 355.6875 365.375 353.4375 346.6875 335.875 330.8125 329.875 335.875 331.25 329.3125 327 336.1875 342.125
823.0625 846.0625 944.0625 909.125 926.0625 827.25 664.25 773.5625 822.5625 827.875 725.625 707 761.6875 569.1875 490.25 697.875 777.75 787 703.75 818.875 859.5 847.5 770.25 671.9375 532.375 477.125 426.375 392.875 371.625 375.6875 378.25 372.0625 356.6875 333.5625 330 355.5625 358.625 362.625 368.875 328.625 317.1875 309.875 296.6875 289.3125 286 295.5625 294.5 300.1875 312.5 325.875 338.6875 361.9375 353 337.25 325.75 320.25 319.8125 319.4375 320.875 318.5625 323.625 317.625 328.5
716.5625 855.8125 880.125 829.75 908.5 928.875 726.5625 700.375 772.5 801.125 759.875 762.3125 719.3125 638.0625 636.75 490.5 719.4375 789.0625 751.625 670.0625 781.5 828.125 776.5625 685.0625 560.625 489.875 420.9375 377.0625 362.6875 352.75 345.125 344 327.25 311.6875 310.625 307.625 314.0625 333.875 322.5 306.375 290.125 289.875 289.5625 279.1875 281.0625 291.5625 294.75 309 320.3125 327.9375 337.5625 345.125 349.6875 337.6875 324.0625 315.5 316.25 319.625 317.5625 312.125 318.5625 314.4375 318.4375
706.375 746.4375 820.8125 784.25 897.1875 902.8125 768.1875 837.75 811.875 764.8125 801.0625 725.625 720.875 594 659.9375 611.4375 651.1875 621.9375 727.5625 732.625 679.125 675.5 750.5 700.8125 643.0625 504.5 414.625 370.625 351.9375 339.3125 325.5 318.9375 312.0625 304.8125 305.3125 301.5625 294.6875 298 287.75 281.1875 274.8125 280.9375 283.625 284.0625 292.4375 292.75 307.25 318.125 329.875 333.125 326.5625 314.375 312.5625 312.9375 312.4375 309.5625 310.125 314.3125 314 308.875 309.0625 308.9375 313.1875
701.625 704.75 784.3125 784.75 874 868.25 802.875 883.9375 891.5625 758.8125 786 602.8125 618.0625 569.1875 640.3125 643.875 660.3125 594.5 530.25 564.4375 588.125 682.3125 671.9375 685.125 658.4375 523.3125 445.75 390.5 354.625 336.1875 320.8125 308.5 300.5 300.0625 299.75 301.625 300.5 293.125 281 273.3125 278.4375 286.5625 295.9375 301.625 310.75 320.75 361 379.5 378.5 373.8125 364.25 339.25 315.5625 298.875 291.875 291.4375 302.75 308.25 313.1875 309.1875 309.5 306.9375 304.8125
650.9375 656.75 729.9375 758.1875 815.75 819.5 791.5625 850.25 900.6875 824.25 846.6875 713 665.6875 612.25 599.25 586.1875 649.125 617.75 502.5625 475.4375 624.3125 684.5625 687.25 657 626.75 594.5625 540.1875 447.875 379.5 345.8125 323.25 310.3125 302.875 301.8125 307.375 313.0625 314.375 309.3125 301.1875 294.0625 295.8125 301.6875 316.75 326.625 336.125 380.4375 439.875 448.875 448.25 427.5625 417.0625 374.375 342.6875 318.1875 304.5625 301.1875 303.3125 309.5 318.375 311.5 312.5 303.625 302.0625
579.75 624.875 682.1875 745.25 753.375 780.75 788.6875 863.125 844.75 833.0625 831.9375 808.8125 694.8125 645.8125 614.625 590.0625 569.8125 576.4375 574.375 524.4375 545.625 674.6875 681.25 668.5 638 588.375 570 540.875 454.1875 375.25 339.5625 312.6875 300.375 303.1875 305.8125 314.0625 326.5 335.6875 341.625 342.125 340.375 340.375 345.25 340.625 354.4375 400.375 442.8125 450.3125 446.875 411.625 393.375 373.4375 361.9375 357.4375 329.3125 313.5 308.75 307.375 311.3125 306.625 308.6875 306.4375 299.4375
519.5625 580.0625 704.5 709.875 699.125 778.6875 866.75 911.875 920.9375 911.25 825.8125 802.3125 747.25 680.5 620.4375 625.875 564.5 541.5625 575.6875 541.8125 544.1875 664.25 689.4375 659.5 624.75 606 581.3125 562.6875 508.625 391.0625 338.125 295.4375 285.5 297.1875 307.4375 320.9375 335.0625 347 359.375 363.1875 371 360.3125 362.0625 371.75 351.625 356.625 366.5625 365.125 388.75 381.875 369.0625 366 385.125 393.4375 356.5625 328.8125 321.625 314.1875 305.5625 312.1875 311.6875 317.8125 307.25
479.625 536.875 597.8125 640.8125 686.0625 818.125 882.625 918.3125 932.6875 935.4375 903.3125 812.75 741.75 706.3125 607.3125 596.875 542.8125 468.5 496.125 491.5 521.3125 655.5 664.6875 661.4375 625.6875 613.125 581.5 524.1875 534.5625 401.5625 341.0625 304.3125 288.875 307.6875 319 340.1875 358.3125 378.6875 385.3125 395.3125 418.75 436.875 441.5 403 370.375 343.9375 337.4375 340 361.125 368.3125 356.4375 341.6875 341 338.5 337.6875 322.875 319.3125 314.1875 309.8125 321.6875 321.1875 319.1875 312.125
455.5625 521.8125 613.125 666.5625 690.6875 775.6875 812.0625 857.75 936.125 966.875 909 855.5 742.9375 664.6875 602.125 532.0625 509.625 431.75 436.6875 430.9375 510.125 640.375 633.9375 644.0625 614.8125 588.375 580.375 521.875 485.3125 392 351.5625 328 309.25 315.6875 322.125 340.4375 364.0625 389 403.5 451.3125 532.4375 565.375 494.875 416.125 387.25 364.1875 372.8125 367.9375 389.625 385.9375 366.5625 343.8125 333.25 327.75 323.875 322.5 316.8125 312.9375 315.875 326.6875 323.625 322.3125 318.8125
457.875 509.6875 578.25 639.5625 688.75 780.6875 899.375 947.0625 982.8125 988.875 940.8125 848.9375 759.8125 667.625 586.5 494.6875 469.3125 424.625 423.75 406.5 450.125 606.625 635.375 632.3125 595.25 571 550.8125 539.75 505.625 427.4375 370.9375 342.625 328.8125 333.5625 341.5 358.125 378 405.0625 447.0625 490.9375 591.25 621.5625 573.9375 461.4375 395.6875 389.625 384.375 393.9375 415.25 409.1875 384.4375 366.125 352.5 339.125 334.6875 331.4375 325.6875 323.125 330.5625 327.1875 331.8125 326.1875 326.5
454.6875 508.8125 580.75 653.9375 742.25 790.125 869.1875 927.9375 968.3125 984.75 933.9375 842.375 736.3125 642.5 543.125 483.9375 479.75 459 452 427.1875 452.75 550.75 577.875 582.625 567.5 562.6875 539.1875 536.125 520.8125 487.9375 421.25 365.0625 349.625 368.6875 372.5 382.6875 394.5625 438.5625 481 514.4375 556.1875 563.9375 517.5 466.9375 425.6875 396.375 394.6875 425.6875 449.6875 455.4375 435.375 398.8125 375.75 359.5625 345.9375 336.25 329.6875 329.9375 333.5 330.1875 327.0625 318.5 316.3125
473.25 520.875 584.3125 662.9375 748.875 818.5625 877.0625 942.5 949 916 896.9375 813.5 721.125 633.5 557.0625 474.5 397.25 410.875 386.6875 425.25 446.4375 522 529.625 523.1875 483.6875 455 463.5 486.4375 498.3125 468.0625 439.375 392.5 345.0625 345.25 390.875 402.75 419.75 439.4375 495 511.625 536.3125 546.5625 522.0625 475.75 432.3125 412.9375 407.625 427.6875 446.5 448.9375 422.4375 413.25 399.5625 370.875 346.3125 339.9375 339.125 332.75 333.625 333.25 326.25 315.0625 307.375
484.8125 530.6875 590.5 652.5625 723.0625 804.3125 863.9375 926.8125 957.625 949.5 900.875 802.875 715.25 612 532.0625 488.5625 375.375 382.9375 379.625 365.375 355.4375 424.375 449.875 414.75 405 439.1875 388.4375 408.375 441.9375 442.5 423 393.5 352.625 352.375 416.8125 429.0625 424.25 417.5 467.375 518.25 534.125 549 516.625 473.375 435.5 411.75 408.375 440.9375 452.75 446.875 433.8125 419.9375 406.8125 371.6875 349.625 344.8125 344.1875 336.6875 334.8125 327.6875 318.75 307.5 305.8125
467.25 522.625 593.4375 679.4375 699 743 824.3125 891.875 944.5625 940.8125 911.6875 827.625 702.375 596.5625 487.125 445.4375 432 357.9375 366.4375 385.9375 343.5 406.375 397.25 399.6875 396.8125 386.625 384 414.5625 403.75 426.625 404.0625 359.375 321 306.25 353 416.3125 418.25 387.375 396.9375 449.8125 496.375 519.25 494.3125 494.9375 473.8125 429.125 405.875 452.4375 493.5 483.6875 424.8125 402.3125 389.5 370.3125 356.3125 351.8125 354.125 354.1875 347.3125 334.625 312.6875 293.6875 289.9375
456.3125 493.0625 569.9375 620.75 596.75 641.375 758.3125 798.3125 898.125 953.875 911.125 808.25 716 595 499.75 441.0625 373.6875 372.1875 427 440.5 322.875 365.5625 413.25 412.5 398.875 321.0625 307.8125 313.3125 342.5625 344.875 369.6875 348.75 313.75 293.625 307.375 312 398.875 414.8125 360.3125 373.5625 432.375 431 415.8125 417 405.625 393.3125 379.25 369.9375 366.75 366 367.3125 367.875 359.375 350.9375 343.4375 346.9375 357.1875 370.1875 369.375 348.4375 320 297.3125 289.1875
484.8125 415.5 410.625 427.625 485.0625 618.875 683.125 744.0625 836.25 928.8125 908.9375 765.5625 699.1875 603.125 502 433.3125 439.1875 398 443.375 377.6875 319.9375 384.5 410.4375 407.9375 400.1875 381.875 437.75 382.4375 284.375 360.5 402.3125 423.1875 339.9375 369.1875 420.8125 299.125 315.6875 428.375 418.125 376.6875 466.8125 436.625 397.6875 370.5625 369.0625 365.375 355 339.5 326 322.0625 330.9375 331.875 330.5 332.25 343.3125 359.625 375.125 381.6875 371.75 349.625 323.1875 306.5 300.8125
557.375 472.25 433.5625 456.625 571.8125 625.75 660.8125 711.125 760.3125 844.1875 855.6875 806.25 726.5625 613.6875 547.9375 456.375 428.875 439.5 445.6875 383.0625 348.625 403.4375 417.8125 387.25 384.4375 400.6875 429.1875 356.4375 291.375 382.25 385.3125 377.375 329.375 402.25 379.0625 299.5625 299.9375 390.4375 414 411.375 424.5 496.625 517.125 493.25 418.75 389.25 372.125 346.4375 335.625 330.9375 331.4375 329.3125 334.9375 354.1875 373 379.125 379.625 379.625 368.4375 354.0625 339.6875 333 325.3125
564.1875 489.8125 458.1875 462.4375 579.875 579.375 608.0625 631.3125 695.125 763.0625 795.125 790.875 719.1875 646.5625 549.375 466.9375 443.1875 448.125 445.625 392.9375 388.125 397.8125 410.625 381.4375 399.25 426 404.9375 339.375 313.625 343.1875 387.875 396.3125 350.3125 286.3125 298.1875 283.75 305.5 388.3125 413.875 471.875 446.625 469 568.5625 551.6875 450.875 408.75 409.75 393.625 374.5 367.1875 361.75 353.875 354.75 346.1875 343.75 359.6875 365.875 370.6875 372.875 367.25 358 358.9375 346.125
472 490.375 488.875 483.1875 467.6875 546.125 549.6875 579.5625 646.8125 707.6875 741.1875 739.8125 706.25 648.375 585.3125 513.1875 453.5625 459 458.5 414.1875 392 385 376.75 401.625 393.0625 347.875 334.1875 378.3125 340.125 327 346 288.3125 275.9375 273.875 301.75 295.375 328.625 374.1875 442.3125 509.75 468.5 450.25 512.75 514.4375 431.5 399.875 403.25 428.75 407.625 379.5 372.625 375.4375 371 361.6875 356.75 368.9375 386.9375 397.5625 406.75 380.75 379.9375 366.3125 361.9375
492 486.25 488.6875 533.6875 454.4375 487.5625 557.75 558.3125 673.625 698.375 726.875 733.25 713.0625 652.5 590 537 478.1875 455.125 428.25 402.625 399.3125 379.3125 384 341.8125 315 345.9375 356.625 349.3125 330.3125 366.75 385.5625 261.375 321.6875 330.875 319.8125 352.875 390.75 398.9375 429.5 515.8125 523.8125 449.8125 432.75 418.6875 418.4375 415.9375 400 394.875 387.8125 405.375 393.625 384 370.6875 369.9375 388.25 407 422.5625 416.4375 410.4375 396.75 397.4375 383.1875 382.9375
