Landscape_phylogeographic_analyses/Environmental_files/WNV_rasters/Central_flyway_normalised.asc
NCOLS 312 
NROWS 173 
XLLCORNER -128.0000208 
YLLCORNER 18.9999684 
CELLSIZE 0.20833325 
NODATA_value -9999 
[rows 110 to 131 of 173, columns 147 to 195 of 312]
0.748994342421816 0.770801175307906 0.795779362913718 0.732049727791548 0.713474918047713 0.717542855372669 0.671324217988707 0.679810516242376 0.625878898480341 0.637378565918124 0.635048635852276 0.609722498414145 0.619485563624113 0.574344179627964 0.595779940392227 0.55979470528044 0.517962975315266 0.55832897553605 0.57331383264042 0.59470369118608 0.540608387160686 0.522604699461384 0.525662680963841 0.534502027851229 0.522573437893477 0.51579780561223 0.529519697560424 0.578879182431308 0.538334236284626 0.53266287234323 0.426320187643597 0.467063106866831 0.4812229597562 0.463384270167079 0.44450776982887 0.455448426692419 0.437740433936474 0.423065207249784 0.419494720984164 0.400465576951547 0.406197877304448 0.393956900141403 0.376113518510036 0.376399216110001 0.348068157938704 0.352811066515414 0.355439413156327 0.337884753750925 0.369873625078773
0.724459430194884 0.762660429417142 0.779771414815316 0.755287123539776 0.716491887350917 0.654371559172798 0.648633063707821 0.648614718748325 0.652738024194819 0.610323371217734 0.615243752809529 0.586390113521521 0.620083742567403 0.602686635241618 0.593173195754665 0.567871025196099 0.55656172586551 0.573718209974283 0.555417315701668 0.580013558602201 0.586921252978791 0.556900682691477 0.521212231925177 0.516383607268326 0.529798478022521 0.495329517000938 0.537521839072797 0.572020688788098 0.541409480343383 0.468906913350565 0.460567912629117 0.462503899382178 0.469605253833906 0.46403479141661 0.437410743059595 0.454150272002431 0.463155388290847 0.439126766403536 0.438318775220854 0.433564341636023 0.407934341129593 0.4131978239409 0.398695976154933 0.373468064426609 0.352935520397267 0.364436883642579 0.345356278957465 0.352555634674989 0.335661546175282
0.730240479219856 0.714440161345332 0.763370007803917 0.739610279393446 0.695600847902951 0.666527470096624 0.657250541782428 0.641819745452536 0.651646726541468 0.621308639451011 0.593532575846545 0.612783912856696 0.593482692133098 0.604803322257187 0.591037762528995 0.578152941348186 0.563959596264654 0.605217829835727 0.56130612783078 0.560440159457512 0.541080594349744 0.597928618344791 0.551715168451005 0.515868401804495 0.528868801575316 0.543055358701768 0.568752827241483 0.533399775238296 0.522039233431826 0.476021755953221 0.472706100080295 0.453787958157818 0.466815173506644 0.484338496845356 0.443988477306709 0.456690616494102 0.461215405798736 0.452108941278167 0.445660195759048 0.4043742822935 0.387243721872075 0.401724069227561 0.395669339819198 0.343887318429836 0.35849705749115 0.368942960338147 0.34010735028107 0.369949452561939 0.333207156071317
0.697436044586114 0.764715586710861 0.752048309551682 0.728568848554247 0.658152334485135 0.676144566668925 0.667920063037749 0.64426074455877 0.628982719924364 0.647546483661238 0.611890595755684 0.582749014344924 0.6248492597168 0.570389168493313 0.579032201561212 0.56211310979723 0.564118319675514 0.581188471645634 0.558599532760442 0.575548375302286 0.536627694180718 0.535189161130425 0.588886988207063 0.518248105557904 0.501285032234205 0.562971170476007 0.582155500820714 0.554717416056804 0.529599927998186 0.4875783238373 0.470409604442317 0.481330471728971 0.484444893881459 0.488350096288309 0.494079206922881 0.476268534665645 0.465545453347557 0.467709326419093 0.44874387309096 0.447694999535127 0.431061408586063 0.376144844346108 0.398327337474737 0.375642099715933 0.38160840672099 0.401438950865404 0.371120810863781 0.425163799171484 0.38985570032101
0.74469901878141 0.766168752290282 0.722075853212816 0.706506077847326 0.690348312118253 0.688872142202816 0.649876839346351 0.636849345016335 0.643084131857896 0.623327924004897 0.588387007132572 0.589758632632271 0.59740667440161 0.562033729228895 0.552412213304224 0.585742711948539 0.557854185058367 0.54348510661321 0.574956833144352 0.575559031035845 0.553355576976246 0.539855340599835 0.550977247371625 0.568984767815029 0.552761620796979 0.582993375417034 0.534573918469937 0.498909068658814 0.472858113861693 0.481246952369358 0.487574550027168 0.481532896842337 0.485439490764812 0.497903163532112 0.474146240213482 0.446307948074636 0.461773746707001 0.487311417590489 0.449913372179597 0.412910725859047 0.393627765419538 0.387016718066035 0.413899254778683 0.366312875219388 0.373108618994051 0.399069854504522 0.365864020298951 0.45272964665399 0.376506352585318
0.745657711644771 0.738865148735427 0.735552285399077 0.685127423637688 0.6738941977768 0.657120432860864 0.65541848004859 0.640545773684348 0.638948507362586 0.62106626761271 0.592085301321437 0.588171834331914 0.574168291201203 0.576847610571495 0.585961746349898 0.556507959569462 0.576035311496534 0.556963301020014 0.532371828504218 0.557382863680363 0.542162418130424 0.536135578728893 0.537901102347805 0.552251256557246 0.569235899926691 0.567186621821563 0.539046165348719 0.559330632261922 0.479473360782958 0.485857545604819 0.496193998296254 0.491775366335995 0.495578969473196 0.508562948483933 0.491531018738544 0.497081027308391 0.474509473682448 0.483282811293617 0.466952510076315 0.426879768056352 0.424968317018991 0.412045156887393 0.422764523295783 0.378819662337679 0.389913606221321 0.371397912109749 0.354975371812845 0.469481742131646 0.407633334876028
0.758431198092317 0.72816379626244 0.698127249395005 0.695253101965627 0.683259053974525 0.652736707065199 0.649338332441007 0.622259138890678 0.638786852051919 0.596207036780589 0.613861900078561 0.613891488511159 0.575640350347223 0.580952514291989 0.576944147973137 0.552090926392285 0.584654064929152 0.571557893887852 0.564521250847754 0.579732773987562 0.564756177017607 0.543897569754034 0.528982260189951 0.54340580631334 0.576144645498185 0.548564643741068 0.552885020768571 0.552323150677037 0.525470230904025 0.514252011810769 0.54024032558258 0.487641942244767 0.509547015831226 0.520290227898919 0.476852926357735 0.462940023399648 0.459776064812671 0.461848767182789 0.452962353207457 0.436248833952682 0.399791561432012 0.396470910680493 0.434117228033644 0.432145961461725 0.363050851345907 0.394117945260369 0.384391110874581 0.396986082368041 0.396456073784592
0.740965372182783 0.696675833263543 0.685795117329011 0.698133122625838 0.693547176258761 0.660798218410521 0.659363903810457 0.635861866302476 0.619898343530127 0.607886923961481 0.600633676841343 0.584815175099057 0.573742502979439 0.571611096342152 0.575880236531951 0.551059357957401 0.558305064751746 0.541729542959014 0.568694563143889 0.561026072350046 0.558033689148101 0.550396202343468 0.589306200429606 0.579394056194649 0.591181000745142 0.584767807795882 0.532620272965842 0.518096617805186 0.529615296733632 0.514557340056839 0.517877106158693 0.482035705573075 0.493113139353992 0.490992993784723 0.494609087595606 0.479070821845653 0.473441529155657 0.481479867218761 0.477349718936791 0.468054441693758 0.396254608344533 0.419851674344119 0.423367823990364 0.40098443224966 0.387624708354118 0.404426053055454 0.486714634208858 0.390950634823444 0.338213899294737
0.687332027770108 0.688108173891584 0.685058928582022 0.668342373948519 0.666299379145197 0.669189398556549 0.652797173757311 0.629546934082511 0.635580755179207 0.623968287753906 0.59699200672695 0.605557922823193 0.552955743374654 0.557597574587215 0.551296223140698 0.542343121173594 0.54031202100196 0.529945346526798 0.549549294173712 0.543816891794784 0.537780755186425 0.590820767601458 0.591300732818141 0.570721951538388 0.569524910964 0.548496775580701 0.525663547503443 0.497963021304138 0.491686137947871 0.507544345209577 0.489397274352423 0.485327415935691 0.470304586544291 0.484598388327982 0.468529957971323 0.473659982445848 0.427957039167509 0.462562252360209 0.46350667438041 0.485612179586916 -9999 0.42069606815115 0.402658428702129 0.466198410893771 0.400565575206502 0.424322377536868 0.436634143148177 -9999 0.350435968300447
0.685366880383189 0.695453327381001 0.688982259247869 0.669045606650244 0.688918024778711 0.697137670336314 0.662508922012664 0.671064019849681 0.627344043429984 0.584457895033446 0.591003837692504 0.629958910493353 0.588908048319507 0.559498372776962 0.575088439852121 0.553290187283162 0.526562009601171 0.532011504831235 0.55836256928012 0.540136233080377 0.575524311854915 0.572709902888826 0.576552756516599 0.57200624098255 0.579011329948499 0.546543990243043 0.53428179556844 0.499984164226107 0.486901331954961 0.485333903665442 0.526208927205018 0.486989963705244 0.485372223159651 0.499121427427329 0.53254130462975 0.482878000360061 0.531207118299259 -9999 -9999 -9999 -9999 -9999 -9999 -9999 -9999 -9999 -9999 -9999 -9999
0.667423171760765 0.688481223781117 0.672032875500849 0.694441223306362 0.680297148128823 0.690703203115647 0.70532632539169 0.693196251006261 0.619105742778929 0.598590829175058 0.593904543267602 0.612984365890161 0.559408512002403 0.590835560521402 0.584633084076409 0.561854970134627 0.524461699495187 0.568002665447829 0.558152319381614 0.565656007545362 0.556030631674997 0.560788968991163 0.546256413091289 0.576122093510289 0.548989172034824 0.542578013198077 0.531635405996012 0.525065786851846 0.501960586231149 0.514311868670066 0.511367584469324 0.479786729751351 0.510629612423271 0.482143528526702 0.477497789363352 0.474459710983643 0.52390125539714 0.509663465775244 0.503254570978414 -9999 -9999 -9999 -9999 -9999 -9999 -9999 -9999 -9999 -9999
0.667351966533954 0.72981275174862 0.686606687948548 0.675882370282207 0.682331171584274 0.682307418083719 0.677765815586404 0.661012565590321 0.614901889943248 0.586315298247228 0.566838814047865 0.591925585518872 0.570839204903007 0.581587073233928 0.581243155698055 0.567179301435364 0.564402499405595 0.5633249273866 0.556466226756571 0.537847121135348 0.542722929860919 0.567497631566493 0.542433630436508 0.559760411585711 0.536069498954961 0.545182024584021 0.507360378251331 0.534818923082333 0.512603058136093 0.503012792633009 0.490565192003532 0.494946525222552 0.493817468837536 0.516554953795524 0.523479884105306 0.506462290810163 0.525489006055712 0.527422545885491 -9999 -9999 -9999 -9999 -9999 -9999 -9999 -9999 -9999 -9999 -9999
0.676444620252119 0.698858271581097 0.687133336415147 0.648345110153812 0.704180849863999 0.710472641052135 0.698987872820495 0.688438864044793 0.583432122405511 0.625129027981717 0.589303309450874 0.573037981192067 0.576594577210522 0.567411298801965 0.56324288433753 -9999 -9999 -9999 -9999 -9999 -9999 -9999 -9999 0.541727983491169 0.542383955765506 0.520642008081359 0.52489346795417 -9999 0.512389261753345 0.521503021074906 0.515402984138144 0.49036450233683 0.508455365695435 0.507335637254174 0.516675737564751 0.54082712999989 0.519693325316485 0.502032507246617 -9999 -9999 -9999 -9999 -9999 -9999 -9999 -9999 -9999 -9999 -9999
0.684617710640145 0.69184836301052 0.66585907253371 0.680931021204861 0.720287186176227 0.708197077923552 0.691202711671614 0.62227574393443 0.603545019299203 0.625122189514386 0.580002139045028 0.579526531574291 -9999 -9999 -9999 -9999 -9999 -9999 -9999 -9999 -9999 -9999 -9999 -9999 -9999 -9999 -9999 -9999 -9999 -9999 0.539607593639455 0.533793099911044 0.538830768102621 0.540719050953227 0.531996209385471 0.535518102927712 0.519099310248039 0.506580856852938 0.506818212556203 0.52058122931387 -9999 -9999 -9999 -9999 -9999 -9999 -9999 -9999 -9999
0.69322090297542 0.687351489432462 0.660006921226315 0.647859549201295 0.684072702441491 0.67774452191594 0.635906977777357 0.599086859330796 0.588743778791942 0.581607243114093 0.575674778841664 -9999 -9999 -9999 -9999 -9999 -9999 -9999 -9999 -9999 -9999 -9999 -9999 -9999 -9999 -9999 -9999 -9999 -9999 -9999 -9999 0.545662515721247 0.545910415853969 -9999 0.5171869688529 -9999 -9999 -9999 0.505813471655589 0.498524791322493 -9999 -9999 -9999 -9999 -9999 -9999 -9999 -9999 -9999
0.691036100507176 0.67200898880981 0.663824386214165 0.645216307522194 0.649316662393496 0.656863653708681 0.651194974466893 0.591861107002975 0.564226231181226 0.5605951078338 -9999 -9999 -9999 -9999 -9999 -9999 -9999 -9999 -9999 -9999 -9999 -9999 -9999 -9999 -9999 -9999 -9999 -9999 -9999 -9999 -9999 -9999 -9999 -9999 -9999 -9999 -9999 -9999 -9999 -9999 -9999 -9999 -9999 -9999 -9999 -9999 -9999 -9999 -9999
0.663578980191037 0.634418571827128 0.661568050191391 0.656212265324834 0.592376996380337 0.611047263253888 0.583724852192052 0.586685040867491 -9999 -9999 -9999 -9999 -9999 -9999 -9999 -9999 -9999 -9999 -9999 -9999 -9999 -9999 -9999 -9999 -9999 -9999 -9999 -9999 -9999 -9999 -9999 -9999 -9999 -9999 -9999 -9999 -9999 -9999 -9999 -9999 -9999 -9999 -9999 -9999 -9999 -9999 -9999 -9999 -9999
0.664425934612323 0.643329677950088 0.620033164242042 0.619333852783857 0.597758923868367 -9999 -9999 -9999 -9999 -9999 -9999 -9999 -9999 -9999 -9999 -9999 -9999 -9999 -9999 -9999 -9999 -9999 -9999 -9999 -9999 -9999 -9999 -9999 -9999 -9999 -9999 -9999 -9999 -9999 -9999 -9999 -9999 -9999 -9999 -9999 -9999 -9999 -9999 -9999 -9999 -9999 -9999 -9999 -9999
0.610729847392026 0.606527549821508 0.597080065656078 0.584516619629517 -9999 -9999 -9999 -9999 -9999 -9999 -9999 -9999 -9999 -9999 -9999 -9999 -9999 -9999 -9999 -9999 -9999 -9999 -9999 -9999 -9999 -9999 -9999 -9999 -9999 -9999 -9999 -9999 -9999 -9999 -9999 -9999 -9999 -9999 -9999 -9999 -9999 -9999 -9999 -9999 -9999 -9999 -9999 -9999 -9999
0.641280557915584 0.595731166293412 0.563097255421008 -9999 -9999 -9999 -9999 -9999 -9999 -9999 -9999 -9999 -9999 -9999 -9999 -9999 -9999 -9999 -9999 -9999 -9999 -9999 -9999 -9999 -9999 -9999 -9999 -9999 -9999 -9999 -9999 -9999 -9999 -9999 -9999 -9999 -9999 -9999 -9999 -9999 -9999 -9999 -9999 -9999 -9999 -9999 -9999 -9999 -9999
0.620958349956012 0.535295225678975 -9999 -9999 -9999 -9999 -9999 -9999 -9999 -9999 -9999 -9999 -9999 -9999 -9999 -9999 -9999 -9999 -9999 -9999 -9999 -9999 -9999 -9999 -9999 -9999 -9999 -9999 -9999 -9999 -9999 -9999 -9999 -9999 -9999 -9999 -9999 -9999 -9999 -9999 -9999 -9999 -9999 -9999 -9999 -9999 -9999 -9999 -9999
0.592618709119234 -9999 -9999 -9999 -9999 -9999 -9999 -9999 -9999 -9999 -9999 -9999 -9999 -9999 -9999 -9999 -9999 -9999 -9999 -9999 -9999 -9999 -9999 -9999 -9999 -9999 -9999 -9999 -9999 -9999 -9999 -9999 -9999 -9999 -9999 -9999 -9999 -9999 -9999 -9999 -9999 -9999 -9999 -9999 -9999 -9999 -9999 -9999 -9999
