Landscape_phylogeographic_analyses/Environmental_files/WNV_rasters/Central_flyway_normalised.asc
NCOLS 312 
NROWS 173 
XLLCORNER -128.0000208 
YLLCORNER 18.9999684 
CELLSIZE 0.20833325 
NODATA_value -9999 
[rows 44 to 65 of 173, columns 98 to 146 of 312]
0.585420830310176 0.549286161456665 0.322352463311174 0.309409078466623 0.493740739722711 0.5038990304539 0.301595483597261 0.166633984617693 0.512304544023645 0.428120567317076 0.69123435394424 0.706084688531405 0.713556745980679 0.488986994149546 0.637433338058271 0.713411757133032 0.513861551750825 0.715981543529422 0.702113307101385 0.733592141666866 0.745902462713312 0.786186669004728 0.808063164880867 0.806082911354024 0.777953146928781 0.77727490236011 0.778294126865605 0.766272466559051 0.758783054377745 0.75451071347215 0.74840845184643 0.745065239805367 0.769477682849295 0.775879756891488 0.759279254313988 0.78828070708195 0.768857270560906 0.774237459370897 0.749289196327092 0.744423892599492 0.742236394546848 0.783737692244901 0.74955676340174 0.726570552815961 0.706567810043717 0.722497495687118 0.747766000941799 0.759464814939832 0.659887217526908
0.674070843455966 0.461955412003612 0.451213609864226 0.348631900506794 0.23095721950033 0.392622447991739 0.435667056949331 0.30795085327751 0.555330408875358 0.674704251565875 0.673640216633537 0.734114578152809 0.698425018138179 0.645121272395373 0.705298784826536 0.688049237838976 0.707717539425582 0.742209116122973 0.757384958209908 0.761752722361664 0.755959757839135 0.703078066076713 0.792318519536161 0.807089637577692 0.80639022477153 0.801994546449358 0.786102678239823 0.760201991258453 0.760052408244953 0.771542956596828 0.781012855186591 0.759301274257971 0.767540099029902 0.759341770078655 0.742640195411281 0.773651625992029 0.784969848840452 0.769270716560856 0.762853446405331 0.757784873238895 0.767578461843603 0.805592362595328 0.758542343817693 0.721549748696238 0.71628690894539 0.790925874039031 0.77039260330823 0.70834585034503 0.673637252385457
0.614284475996935 0.328557187718982 0.189678906691525 0.250022902182292 0.243752902588442 0.333597475621913 0.37845977239484 0.294913655846196 0.315091532166987 0.59676295031773 0.593832982788467 0.716486524491682 0.64547229477141 0.669951035023188 0.714332542632508 0.727153226470763 0.711833885481206 0.648423102824073 0.763813311682618 0.767505067790861 0.760934075620833 0.766689875478781 0.736862241766711 0.764559287427262 0.77547542994425 0.779451823980355 0.768288003084059 0.76781875378443 0.764062202313267 0.781771039158216 0.769919244850951 0.766134135535797 0.741454004857556 0.749029034864356 0.762799517646342 0.789975758329642 0.807254510035918 0.772523438262739 0.777042899090893 0.767423443624517 0.79508721025914 0.790700591670582 0.755420317369817 0.802113181018862 0.796428224961071 0.802933491269898 0.72834821199304 0.69864090597633 0.686981721705167
0.472867719178376 0.409360564995897 0.339224993620624 0.59911346717041 0.558450935330373 0.480724970402753 0.443915978788069 0.406260377102719 0.455924900952887 0.316868363008247 0.634231803984228 0.637690477466574 0.452554592938683 0.718015864274537 0.731919377032702 0.737185346178103 0.790867977265182 0.730034095367361 0.772474756236007 0.756866038973108 0.77191803572509 0.756202031880033 0.765512808807728 0.741664153717498 0.747437421364727 0.76333545693919 0.763684873086742 0.773097981021947 0.784365354805814 0.78240396450285 0.788210605604786 0.756450613897316 0.782733578784718 0.752487448816452 0.757004537056442 0.771407570251378 0.795731019962912 0.811581760799517 0.802956893210436 0.782755393302159 0.786197969402745 0.805986609062576 0.754514279723065 0.81472414189982 0.783288321923977 0.766963724998759 0.740043052491304 0.708772365057492 0.71141669632541
0.341285964815683 0.563230625081089 0.623402335476164 0.592647976572906 0.533909424317584 0.633778139985761 0.664094223824141 0.513837104524928 0.465755979358951 0.450191522881848 0.631534487694377 0.645206115189093 0.702459497495668 0.662873710399985 0.38718030132076 0.575970072698283 0.729518400373899 0.758523423448337 0.77642122316189 0.788093353412618 0.771263825386045 0.77311842913657 0.763781099760927 0.771812465006012 0.787717268813267 0.773324677886544 0.758699430423712 0.796060401760682 0.778014542073874 0.819266356416524 0.775635081587726 0.760233034933232 0.758849097117794 0.754629256477478 0.753523610560065 0.814154764020338 0.842204591382791 0.828249248161312 0.815555351981593 0.793762839915606 0.786957745958333 0.807450585736957 0.751142847861324 0.772435837639496 0.812027029604162 0.783479997690833 0.77212770339832 0.692346901111881 0.702156495133942
0.0614832124225036 0.184236032685647 0.635249612591687 0.420932282434943 0.552951933936779 0.576244352378091 0.653358012961234 0.602395695488343 0.663998196978776 0.570613444662289 0.616480926757767 0.470910694693785 0.678298067945452 0.209541923341642 0.329944022247378 0.182435287874281 0.476371471909599 0.654005988001529 0.740959774798011 0.769097684656945 0.775343168595809 0.782149819739142 0.781515495697576 0.788320403898647 0.766023937198504 0.792323083998364 0.775021346735929 0.776430835509571 0.76704865015008 0.783786488423524 0.781386243052311 0.775296056531321 0.760874382211724 0.742963822236397 0.802370238214973 0.832062581406751 0.836548962708596 0.808545157060632 0.805124322339997 0.812457987648133 0.809648942284567 0.80956932481936 0.778150449738309 0.792707921195975 0.806985222958148 0.809530336441571 0.809913748677323 0.701114737475913 0.684900338530562
0.0209634925210701 0.149310040044174 0.0481305047055115 0.302452077605009 0.635563097521266 0.585099236627818 0.642487169268753 0.486603039688408 0.577874890635389 0.582047780182205 0.603836438305525 0.458570945630918 0.624818444318222 0.395426180610377 0.118652421362191 0.114408309126346 0.273347099252958 0.625460611750824 0.346686831679701 0.552981845086312 0.796566716611812 0.791066844054328 0.79454568597937 0.773004436751231 0.766511464414638 0.725798702835701 0.748144015638856 0.783409974124135 0.782981395112043 0.792180324195913 0.807088529191692 0.814223017451036 0.799208581640434 0.763215448048406 0.780826765272401 0.81441025018524 0.795124502833711 0.820142414445466 0.809100424053216 0.802460800302873 0.813223232545587 0.815622577706554 0.806128668977278 0.727311295932837 0.765514958849408 0.788053346498379 0.785257988118191 0.790532587209764 0.701217287295779
0.160031561232008 0.131514311423375 0.315455352793784 0.115186089098306 0.566189592014578 0.636493490444001 0.626550667583288 0.568970666347852 0.596473524090676 0.543372908511115 0.582168112652153 0.632515282103994 0.675233189995988 0.62859964696775 0.274037345332429 0.349079420744994 0.0380129488715286 0.0837458815722915 0.0413747090958256 0.0658831534135123 0.640478340470528 0.762953373133129 0.767641523194148 0.770366468171549 0.76219182210877 0.735499470234234 0.765156342609869 0.809674941253516 0.810124545162975 0.803377254675462 0.810061487770535 0.798754175014444 0.80847314859568 0.792723248937131 0.761306683973831 0.793048911936039 0.800182406872138 0.816735841336123 0.806554090367468 0.80010182594763 0.783079439772888 0.777473773476542 0.789178633795996 0.779450552561484 0.727039961483068 0.761009700658216 0.751482558414737 0.785256313214026 0.67802878805286
0.415163337109039 0.0861229034283033 0.0570749759033068 0.146871132803042 0.592948914072498 0.566551890909575 0.62293486976375 0.626190609681672 0.60325271357271 0.669172417079949 0.561885756404155 0.488188244612475 0.632821792546498 0.648636700150698 0.596884873960301 0.203538457570552 0.105346814596926 0.0100793738388945 0.08287937873228 0.0168222446128913 0.188924147384747 0.743926342455154 0.769963613321991 0.812450587611316 0.786856690343994 0.740525278775562 0.795773440457005 0.791175270237041 0.811879683876008 0.831427835771264 0.792539764862073 0.812103091399906 0.803944186172781 0.804496720215041 0.829127236133788 0.809707258489779 0.806038473677571 0.795825712003123 0.796247532276871 0.813512944690665 0.80838827504746 0.809746733292803 0.780287081769545 0.786914127040843 0.774760738790434 0.759692233193688 0.753155454186184 0.768299491373873 0.751204802639084
0.57870478184711 0.22591329049784 0.0754326654733757 0.337914203289889 0.52807671966939 0.57461596762846 0.640142953167573 0.575869243714466 0.601478449560958 0.599967736727829 0.581170901050286 0.495461358462494 0.597098147595171 0.634434574160899 0.701714282709082 0.443183438645142 0.16760990411287 0.190018070626969 0.02614659594616 0.014903576927472 0.378915721824629 0.812728623092346 0.812973517091395 0.82491869712456 0.823035635717266 0.825718861416612 0.813938276178617 0.811501106448803 0.817599287957593 0.817895576524465 0.806954556203415 0.820349798036299 0.815726075322975 0.808105227870859 0.833730192728137 0.819947111856839 0.798476894992782 0.796585873199058 0.798202951500983 0.796215666789593 0.804458462603448 0.812140818656116 0.790165458436692 0.79296951094158 0.779559519772018 0.779582008942624 0.790668169814901 0.774670650829299 0.787618932569332
0.435054130070864 0.28332728082148 0.167191513393143 0.397769647429648 0.489066290373154 0.63057950392724 0.639247817570976 0.5773570189528 0.530467017632785 0.579290223509783 0.577008692543246 0.522400873569179 0.642068503104597 0.646650865388303 0.681300101158867 0.703319943825974 0.533904952473332 0.279061830695007 0.16378050442077 0.0586565484783634 0.524505022084413 0.788219754442031 0.798777399205427 0.822373674189333 0.82039040244157 0.796795323002751 0.817561129882904 0.790043990692807 0.817913069411175 0.795483733370694 0.814315255258031 0.820437668213767 0.798635111121681 0.822981589376215 0.807874709924998 0.798588591182503 0.824194249471576 0.800007359262183 0.779026764900495 0.849632619888168 0.797136661800097 0.834909633242457 0.826034549567134 0.817586252375568 0.805381385427408 0.761290346155093 0.808148309799104 0.765456854848419 0.771757334728877
0.394255545965058 0.231219834801395 0.34315972914602 0.420320798976617 0.443712603707437 0.556471590219934 0.54458322361624 0.27978056072827 0.547490393665918 0.54415677850755 0.621063185655106 0.602807496720568 0.464991359415492 0.660444105891141 0.608404041347879 0.718886176230345 0.683626339402612 0.443270511865049 0.314182123142385 0.252628963114842 0.640819378071557 0.779444858617131 0.839507705433484 0.807231476024704 0.817823300933485 0.815213009342006 0.822322792109758 0.803184477209907 0.777369275405786 0.82145642809401 0.805715447206567 0.796873397162677 0.802439691700365 0.803493548411332 0.80642916000851 0.833395087295242 0.814084035216107 0.824502900169192 0.797922687286183 0.794010816984724 0.776538458753518 0.844384868652415 0.862825275493994 0.822192246054872 0.812126848441994 0.855146196118243 0.809769538057902 0.829275586072051 0.82130796134211
0.513469549335188 0.329823174218135 0.431587340407772 0.508383345967429 0.489138058540792 0.488772807706907 0.518545012645797 0.446032054445985 0.526985644775094 0.530982833643133 0.584071968487353 0.603656613867262 0.575107122103681 0.620945695544944 0.610714042295531 0.633492047279996 0.691736330535171 0.69163828767382 0.495318850163463 0.718853322745378 0.76768947005527 0.76719360499087 0.78475378394719 0.826976452725783 0.765701092885471 0.777446590793048 0.884581678751795 0.844307284472263 0.830259079480711 0.830844064955013 0.817917333684198 0.762911891625462 0.795959923760549 0.794287348203727 0.811287568164725 0.806865507344272 0.815766328539661 0.806500199249312 0.817650035331186 0.772781000216519 0.671376502667744 0.792102498548966 0.824041063365334 0.79380565960957 0.846051802138307 0.820896921265941 0.820194683017876 0.790930228390377 0.831879507007776
0.309997492395583 0.387367378539893 0.454990601446315 0.360947399802406 0.537842135919177 0.493181595680791 0.478335228158148 0.502011372297568 0.528931506515359 0.51650884754376 0.572135565844305 0.559316179934639 0.510905501884581 0.485243521987811 0.614432941591257 0.565994856571908 0.667383031824383 0.714918692226712 0.725390323474445 0.784255052713748 0.806773843269347 0.76107305106943 0.749418880159968 0.685014197557094 0.75511225660767 0.841019412566514 0.866183591097124 0.833743306025099 0.808811115371895 0.849711453632352 0.828002095136481 0.808837782348875 0.849601151551077 0.831161885489959 0.819358623996248 0.824917693468931 0.814261996993568 0.799713395411128 0.792610655331523 0.799278390448545 0.790175279143453 0.715837626760484 0.824907234674075 0.742034765353701 0.811147068025186 0.745387315727046 0.826607450412446 0.808025233605339 0.80524757744675
0.225012389644619 0.241685956416978 0.362572764417271 0.430262492180084 0.508803156887782 0.255810983026848 0.519769155116384 0.464363680433537 0.244723155611498 0.471890422695196 0.495080934028378 0.484606017072861 0.44297889562831 0.51389703292868 0.456095798320896 0.440228453854889 0.663407212462896 0.571481439150385 0.708188060137028 0.787213775257938 0.826000435400324 0.718400012127131 0.701158350701134 0.57778865395126 0.686868337749283 0.874414248280845 0.881707764574219 0.827214090430732 0.843915775153735 0.848507666720399 0.861273868498417 0.79126915486839 0.840870778924339 0.778704423434807 0.818075193910789 0.750897797687683 0.808343865055039 0.798985581059807 0.829625544771197 0.763188435619058 0.75744908463951 0.815556554294075 0.799551957674688 0.780356441038946 0.771643398366735 0.770193593835315 0.735322023705419 0.699856088968742 0.81819061242535
0.228361169511371 0.242281632857839 0.399531803061415 0.425405565446733 0.471277216718337 0.375586825056615 0.144247400617607 0.112890551003205 0.166001643458791 0.390576499119502 0.561561143076053 0.550938386972286 0.592617373997651 0.562412987223585 0.387202842077337 0.608711217618816 0.660448714895061 0.667638184297146 0.64413432831519 0.628201297511702 0.692996594988445 0.555973795643074 0.723998629781022 0.856423985743788 0.817088756877873 0.854055428332351 0.81342318934139 0.827637246129607 0.839422195230429 0.839124729697881 0.748600467776874 0.84502999796607 0.859735305996876 0.819204656474973 0.820899414748371 0.814325362371894 0.800963763033515 0.77192201204121 0.834558465772255 0.799517014505019 0.808239557794954 0.810846235736685 0.797590195707076 0.801310896369387 0.763243311514225 0.782213173374994 0.756446167404239 0.821491339816922 0.817319802345081
0.350807726754724 0.365796580439821 0.441309088564179 0.28018844016471 0.294136695341368 0.304840806333212 0.379177511291201 0.349278896892898 0.0744319232167349 0.0223461223049172 0.250775132817122 0.347463689361605 0.340164825530329 0.300325045450083 0.420658200935315 0.57892673891364 0.577955649016257 0.666145290779541 0.637028757500958 0.705755237328557 0.771035899783343 0.787685698036814 0.824907946748881 0.837623344010271 0.820004008154774 0.831294975722073 0.828027281553356 0.823115704543296 0.8228264913304 0.824565827630845 0.857806576330412 0.814000208332129 0.81700417505579 0.826986005901831 0.812659722084077 0.804876437115979 0.823487030223914 0.801591751016497 0.818237557034586 0.791206153838182 0.798433789049101 0.796013441645741 0.794922136172315 0.837580557486865 0.768576615039393 0.802603235592994 0.816937198713926 0.820396598978224 0.81098818122788
0.274208442623814 0.122829169777928 0.298537628739634 0.321264201856562 0.107171174472335 0.360691432771718 0.348693742666928 0.397579390110602 0.310979178566327 0.0951085208025144 0.0359794785890841 0.403387395561074 0.506660845868817 0.524647504888254 0.563757635248797 0.561993257792266 0.639338181874591 0.574110280839686 0.577512289333903 0.72156181864867 0.877377167915647 0.845881855225682 0.849825591536329 0.803162721649332 0.788724751781669 0.824989735725865 0.830965692086757 0.808507704475931 0.850225694415206 0.851943298192113 0.853043859953423 0.870416781394153 0.836156320984395 0.853137422418536 0.828700240262522 0.815225083864477 0.822268043159223 0.810308542220995 0.807125990280543 0.809584405526053 0.791122078618286 0.784693175220983 0.793955051168823 0.800711210924911 0.791134919191033 0.814177754818216 0.81671681851598 0.812653974887552 0.816710396114137
0.263639718944049 0.242764242129213 0.423113212661954 0.357343969913219 0.342154267304583 0.377744665666643 0.357760007578148 0.386209551512814 0.378420211482741 0.403577399179944 0.0700202553098979 0.427177646501439 0.5960501001035 0.584955326258519 0.58505564482376 0.701219505969038 0.701628177763592 0.769270529535569 0.764934366988174 0.74184337953754 0.771283045165837 0.758671835642436 0.816907319474787 0.793659119411496 0.817298010236321 0.815331756907777 0.830823634299348 0.823129198909674 0.826095293550882 0.836850037518653 0.872499941280579 0.860757325407853 0.851457986264724 0.862989182615354 0.850848284955811 0.837429057917716 0.815626137433842 0.828793742534959 0.836518683070362 0.815792239832166 0.797544952278078 0.795099084025366 0.800351834431102 0.78331591069413 0.793479798464365 0.814126058519393 0.798884922992471 0.79174313487534 0.795385691383245
0.23069691090644 0.269522593850077 0.384817247459214 0.322368165398062 0.323960291535215 0.257552043390426 0.38532233432914 0.361147302893596 0.37280235463493 0.336141014299668 0.31679777137045 0.434313011298748 0.490533717738284 0.587989286811622 0.595422387033519 0.664789791312528 0.712376374241072 0.747375679261189 0.760813091930833 0.721685540745106 0.76400965866109 0.787455624915032 0.790114582040816 0.770622196399586 0.812751201199079 0.818928197229696 0.825272538199336 0.841038485628997 0.824087863439244 0.80229019090675 0.868698386669479 0.868380911638735 0.875664540893364 0.861051953481575 0.839780161904785 0.837281577146195 0.837484849511485 0.841479936284493 0.840614788793216 0.788933087843296 0.791850572106337 0.805061671922919 0.799813820666345 0.809220379435004 0.776548398692104 0.803334057754957 0.828718521768389 0.814534007592697 0.80862825054695
0.195971964346137 0.271207635807045 0.325107086530061 0.410921891599238 0.215377159192053 0.137627666575514 0.182346769962866 0.403696313252321 0.384750530692695 0.353908544519954 0.427030182320492 0.418570428554818 0.41676725440356 0.494955470053496 0.56729684041687 0.639208204418938 0.607291580691843 0.663915623116969 0.71266511586633 0.733452017020144 0.767075603048377 0.727848173689573 0.824531442666711 0.787736714724926 0.813308305776385 0.85191270131205 0.852054675506702 0.852745201606156 0.830612008954016 0.846350994019496 0.875157757239916 0.880566008660756 0.866078959070331 0.869476130287106 0.85036470438195 0.861528938146809 0.827890204823953 0.843496804670931 0.842549395467301 0.818943357415476 0.813562779010603 0.843119253941415 0.813825782149676 0.823035228044682 0.816663211741165 0.829384365732736 0.82151622478927 0.822457130812296 0.808729014203526
0.171117662207463 0.259926890619414 0.226623108905279 0.406893368894527 0.253868421843586 0.0290368173305636 0.0642331300987336 0.320025610061661 0.411820678202276 0.39657821098803 0.160637978267585 0.34181598836132 0.508555072111937 0.534862790848383 0.569583670790749 0.576538887452765 0.64805459262965 0.72340188024169 0.675309455129607 0.685472771400207 0.740169289139102 0.787617407209187 0.771714730078744 0.83468513238234 0.806972653150795 0.809521847239238 0.865320779940301 0.854379323627798 0.875689740543723 0.86896322477642 0.885921217411709 0.877088418349742 0.87747001676393 0.871585350007878 0.859013385657363 0.854572943761624 0.852770522546523 0.851251578102537 0.858943631921433 0.84445008244526 0.814099720511521 0.826341876385964 0.84100085399947 0.80817984693306 0.817168504635466 0.791904256640554 0.744861622882329 0.813602121497342 0.777218510612849
