Landscape_phylogeographic_analyses/Environmental_files/WNV_rasters/Central_flyway_normalised.asc
NCOLS 312 
NROWS 173 
XLLCORNER -128.0000208 
YLLCORNER 18.9999684 
CELLSIZE 0.20833325 
NODATA_value -9999 
[rows 44 to 65 of 173, columns 245 to 293 of 312]
-9999 -9999 -9999 -9999 -9999 -9999 -9999 -9999 -9999 -9999 -9999 -9999 -9999 -9999 -9999 -9999 -9999 -9999 -9999 -9999 -9999 -9999 -9999 -9999 -9999 -9999 -9999 -9999 -9999 -9999 -9999 0.168142207372734 0.171194401991121 0.166321467118195 0.20345027113697 0.195407960555956 0.205875849029523 0.210936292412335 0.235556935264545 0.207165047691276 0.184394282968269 0.207728232792883 0.178904154845899 0.171508912621948 -9999 -9999 -9999 -9999 -9999
-9999 -9999 -9999 -9999 -9999 -9999 -9999 -9999 -9999 -9999 -9999 -9999 -9999 -9999 -9999 -9999 -9999 -9999 -9999 -9999 -9999 -9999 -9999 -9999 -9999 -9999 -9999 -9999 -9999 -9999 0.164075344980175 0.17461941563438 0.191638301233534 0.233536080656356 0.199833824526783 0.220856898342437 0.184076614938482 0.177676471167564 0.179614350246729 0.182273888076745 0.171258371922957 0.170931651950584 0.17695322210789 0.199334658059845 0.184757069229727 0.218145461974007 -9999 -9999 -9999
-9999 -9999 -9999 -9999 -9999 -9999 -9999 -9999 -9999 -9999 -9999 -9999 -9999 -9999 -9999 -9999 -9999 -9999 -9999 -9999 -9999 -9999 -9999 -9999 -9999 -9999 0.164762200538827 0.165266434879931 0.168086924022778 0.190384205931098 0.196007098597648 0.181378162811373 0.169595387592159 0.186999362585284 0.180479678890281 0.171584080568683 0.185472781483728 0.195085685586912 0.182228712624035 0.159264119186107 0.166349696316319 0.18829581953102 0.174083176355634 0.181743215356548 0.16864764096748 0.173870882123401 -9999 -9999 -9999
-9999 -9999 -9999 -9999 -9999 -9999 -9999 -9999 -9999 -9999 -9999 -9999 -9999 -9999 -9999 -9999 -9999 -9999 -9999 -9999 -9999 -9999 -9999 -9999 -9999 -9999 0.176882683432314 0.17639693658192 0.166456824304668 0.166377322525836 0.154184149904515 0.21657882184815 0.178907385501659 0.182232337613733 0.218298505495261 0.171605485690755 0.194163514295527 0.197563037541742 0.174449531434982 0.178182273031572 0.148962672743041 0.182079447362372 0.182843648306094 0.178697080148936 0.193873864767425 0.16497688475171 0.169781937974634 0.16347010108789 -9999
-9999 -9999 -9999 -9999 -9999 -9999 -9999 -9999 0.215622580371037 0.283293539489317 0.267618846336396 0.233603704715326 0.216226604031822 0.225182865757854 0.20797880635367 0.218676742132672 0.236013463443639 0.295036087119304 0.258775056970344 0.261737020332592 0.216738166452668 0.201685973103764 0.238043693042251 0.217151116233845 0.191524718496078 0.156799950746551 0.196363820445989 0.178132891801091 0.173896070025506 0.212899581092853 0.188665882283956 0.187669316235323 0.206083802156632 0.20396552252215 0.207761759415348 0.188538418221429 0.234489676801537 0.215712413348533 0.213339219502593 0.174848537127987 0.169546209238476 0.188015383345456 0.1736641630322 0.164614227909449 0.161070838701902 0.170261669619233 0.158480226385895 0.249288899638146 -9999
-9999 -9999 -9999 -9999 -9999 -9999 0.288627733487176 0.245624741636411 0.261456487323284 0.24731080220629 0.193131723504162 0.197904272320375 0.184872529757504 0.180455835894456 0.199689180449792 0.199721935600176 0.228673883731858 0.272455758791166 0.227705865483473 0.224082799029877 0.188301120498494 0.189693502245876 0.208686522130139 0.195334526154841 0.17056170687162 0.198305516982322 0.179043136594729 0.186806898882466 0.194819210168353 0.19503960428327 0.205841571263881 0.190598014018134 0.217158705940289 0.209134441525504 0.223590049164279 0.211844655950524 0.19266237993198 0.209642342247307 0.186540455293748 0.19153198658197 0.175379455477152 0.191561176163209 0.17424275106625 0.178775812827294 0.195602293807799 0.169971399477883 0.153427086619091 0.160941608412748 -9999
-9999 -9999 -9999 -9999 -9999 -9999 0.206061324903374 0.221549616275316 0.166700617953853 0.178236990232464 0.187260725793982 0.177782211697923 0.203055235425767 0.19972111903539 0.207374388485034 0.207611493139655 0.19942692683311 0.225066526824666 0.220105866598081 0.195568803968462 0.219405971030822 0.201660130485004 0.213662909870334 0.213604137695257 0.191140869086658 0.23443691783754 0.196622573287951 0.210570849899832 0.194820064982096 0.204494992652935 0.196215447970312 0.239735287899156 0.231410039890182 0.214069732415883 0.250523856008112 0.216768601184656 0.235725357990318 0.212273923422866 0.20395878570338 0.151723643132557 0.208622031404773 0.164172601276194 0.206104140458402 0.180988929383889 -9999 -9999 -9999 -9999 -9999
-9999 -9999 -9999 -9999 0.252129770070633 0.237084550011349 0.196413920307078 0.188054749515185 0.169899089107228 0.177408855918847 0.18455966114034 0.206059833188638 0.22744296396975 0.207360050613773 0.19836046430877 0.201344382398689 0.216770531177674 0.271106669726906 0.223395980867161 0.204243354282765 0.220581648354925 0.242976448517889 0.199647043849618 0.213502897471034 0.224077749877084 0.224633917952943 0.195530666367292 0.197956290244487 0.202279306968323 0.193175902190294 0.232427710643616 0.225509619278795 0.263371101952383 0.220228390807926 0.210400013279121 0.205534640403298 0.219963567283098 0.222659004587456 0.196075175337241 0.171684602839098 0.192749511088335 0.147915389168106 -9999 -9999 -9999 -9999 -9999 -9999 -9999
-9999 -9999 -9999 0.306751417502548 0.247344629198398 0.275703758236435 0.215311778222701 0.175286669842341 0.173245818715398 0.182933074975135 0.218496887536178 0.20266522343777 0.187045413815973 0.184843469478385 0.195502946297314 0.180053990450719 0.219906120090509 0.356753919437654 0.229365404141081 0.197619006138768 0.22196946865602 0.20643485061241 0.21998625481794 0.227400790134768 0.203235568233715 0.197752063458873 0.202093760833894 0.211051414694371 0.202895357069618 0.237288032830063 0.230896304370056 0.220296046387134 0.271044587521071 0.214755359851692 0.194877442586025 0.191093112443629 0.195080579571031 0.195046679571336 -9999 -9999 -9999 -9999 -9999 -9999 -9999 -9999 -9999 -9999 -9999
-9999 -9999 -9999 0.35821754228736 0.224459690408219 0.190767701792366 0.234326252470174 0.242639018831192 0.180688626850475 0.19273800888524 0.201708132108585 0.200532424329375 0.193696374628973 0.187961552958557 0.208671016901353 0.31484836850535 0.222145821922127 0.261632930311583 0.247230074744561 0.206139429605996 0.223463316111869 0.227966796993043 0.223238566164116 0.212903808634237 0.23164360623925 0.217153086870717 0.215723972288733 0.215254324025736 0.236848078165474 0.227411402028572 0.275561755199393 0.22922857547421 0.193288604895012 0.24636027730916 0.209523472129995 0.215999436551804 -9999 -9999 -9999 -9999 -9999 -9999 -9999 -9999 -9999 -9999 -9999 -9999 -9999
-9999 -9999 -9999 0.288688118994026 0.164801901487287 0.155919834124769 0.180790867997909 0.226303746235207 0.163950427947942 0.196398039723672 0.191721507412871 0.201998101372087 0.190999515754387 0.185929707758811 0.238348822673444 0.222363869420335 0.200590121471696 0.220566336572031 0.212142524227556 0.203392208916384 0.201074226627162 0.226939971857967 0.233451547036735 0.228352254450695 0.20922521455183 0.228286601512381 0.236698751439081 0.237853183673672 0.225444024810273 0.228190571151767 0.240490392028193 0.204813660090207 -9999 -9999 0.24339755751418 -9999 -9999 -9999 -9999 -9999 -9999 -9999 -9999 -9999 -9999 -9999 -9999 -9999 -9999
-9999 -9999 0.213193376333906 0.226406873990869 0.174246256858339 0.180687218069393 0.185855041711893 0.184950260380154 0.191511464885217 0.180883683046735 0.20714488563046 0.179547257008624 0.238261905874434 0.186353440101289 0.193997898553266 0.251773974178486 0.233442431043641 0.216971601108109 0.206535835631896 0.22674693465623 0.207578546461289 0.207947840908209 0.223337400976697 0.243578429186573 0.218726550180792 0.238593004444735 0.234091116510966 0.217464788195689 0.235094831074431 0.220622132448787 0.234673560670972 0.258846456128459 -9999 -9999 -9999 -9999 -9999 -9999 -9999 -9999 -9999 -9999 -9999 -9999 -9999 -9999 -9999 -9999 -9999
0.210736969582899 0.267995447566925 0.232202346351395 0.278298473341888 0.279324613933586 0.226587873422773 0.254455066633013 0.187794217854871 0.182361163453741 0.197747946043018 0.176145828700415 0.179123999347909 0.187745404052494 0.234031002006022 0.191803012442319 0.202098820876827 0.266034621911106 0.195646541215321 0.194905059022503 0.207708055226371 0.207326216446018 0.19913069089546 0.212428284480373 0.209498301776554 0.207565968653025 0.245652185331674 0.229090419047229 0.223336763178451 0.253481854737126 0.253615106038303 0.31255647640397 -9999 -9999 -9999 -9999 -9999 -9999 -9999 -9999 -9999 -9999 -9999 -9999 -9999 -9999 -9999 -9999 -9999 -9999
0.231156333067465 0.288693659153527 0.297977414508212 0.163976142201812 0.197167856520192 0.233757476582904 0.179521105599878 0.206594993726283 0.181023955514396 0.174166491857654 0.237383855402388 0.185863111207681 0.235989310537402 0.26706433074761 0.207588416234935 0.238722231288155 0.192614710913919 0.191635790223033 0.196236348963919 0.18599398012676 0.203153399834516 0.211716341249199 0.218027126074764 0.231583192367025 0.20560023544573 0.185987588723247 0.155345800112223 0.196731340385508 0.214632849106875 0.169706679084794 -9999 -9999 -9999 -9999 -9999 -9999 -9999 -9999 -9999 -9999 -9999 -9999 -9999 -9999 -9999 -9999 -9999 -9999 -9999
0.319779677397584 0.328518443124088 0.283096282154697 0.221593120738001 0.178831327419719 0.18157960609125 0.203906741542439 0.190698297191873 0.203772053697491 0.271364555648824 0.20842945802973 0.223270410247977 0.22507758042057 0.214127749132767 0.18633861192737 0.143652557399125 0.195931417278894 0.185431085041083 0.183696788277912 0.20962871428215 0.224662379535886 0.193897582607273 0.239807107122688 0.247545917416577 0.183415907800953 0.170885414093219 0.194644729135549 0.162401032122763 0.148072916425097 0.251590626931839 -9999 -9999 -9999 -9999 -9999 -9999 -9999 -9999 -9999 -9999 -9999 -9999 -9999 -9999 -9999 -9999 -9999 -9999 -9999
0.29528564357298 0.284592262918624 0.17099411631743 0.209178187025509 0.174172783553634 0.171750223009093 0.197108126468633 0.187245724288728 0.212287992398531 0.214214217054836 0.173753824059464 0.184544974576777 0.200428393406053 0.205494761834833 0.18218580147512 0.171948102539306 0.19982615798534 0.153538025897671 0.178683239419123 0.183105551760431 0.178195163617186 0.18304109078326 0.223286641739568 0.235424230118945 0.140808066373882 0.175485721814582 0.207896355343625 0.165289061395528 0.21739998920094 0.232691954893965 0.198331061341259 -9999 -9999 -9999 -9999 -9999 -9999 -9999 -9999 -9999 -9999 -9999 -9999 -9999 -9999 -9999 -9999 -9999 -9999
0.232359699482586 0.207219472230433 0.199354115396038 0.151761743613929 0.200726698363995 0.206656006308733 0.183046467215531 0.158871841757969 0.189654020891305 0.167501452075385 0.160025692897995 0.168646259265356 0.196627700364496 0.178505659733915 0.174742149794386 0.213015142515139 0.175916531768586 0.178191031070715 0.196031431194805 0.210012566297244 0.158427725917418 0.186750223021117 0.222789504672839 0.200538107014772 0.162347783471947 0.13476255579736 0.153444780724913 0.170814496163102 0.238017567631028 -9999 -9999 -9999 -9999 -9999 -9999 -9999 -9999 -9999 -9999 -9999 -9999 -9999 -9999 -9999 -9999 -9999 -9999 -9999 -9999
0.162834792183615 0.163054796891591 0.203507058629478 0.185502352414973 0.189747754103614 0.204207597046929 0.207548511752706 0.180484162027242 0.156462219840912 0.151864740838301 0.154457684707121 0.169994582109376 0.163063702143657 0.185192250399498 0.155964584999381 0.204154613217278 0.170564593785435 0.189709826460629 0.185962195262813 0.173082837185198 0.176383476777628 0.204446399171681 0.182738592722217 0.206357546101069 0.203996786312862 0.167609629457618 0.161234293395853 0.206243937155042 0.246458832615777 0.157082481934326 -9999 -9999 -9999 -9999 -9999 -9999 -9999 -9999 -9999 -9999 -9999 -9999 -9999 -9999 -9999 -9999 -9999 -9999 -9999
0.158021080913834 0.176925131331899 0.181679093802328 0.239761457632057 0.18494290528138 0.174638210511411 0.18421133427645 0.178301762445792 0.164504600515254 0.182418434342379 0.165183106500664 0.168036735811168 0.153741466643405 0.189478588757405 0.178580739376043 0.169942545274286 0.191745786549835 0.18066478717073 0.176931755111235 0.149130581361805 0.168334525322063 0.149159310111301 0.170888081765044 0.209861267870509 0.189723218679444 0.170056130430941 0.182584467349803 0.186301365114498 0.203482919424871 0.26355806271581 0.215509458877211 -9999 -9999 0.255384049027128 -9999 -9999 -9999 -9999 -9999 -9999 -9999 -9999 -9999 -9999 -9999 -9999 -9999 -9999 -9999
0.167075731704725 0.207845074297886 0.212930181767016 0.192972905699659 0.200509745950785 0.160498826157026 0.177528332283535 0.151257407817111 0.164579021639301 0.164446509845234 0.185926525943391 0.206981225163266 0.188372246416 0.183323331559373 0.142423186565723 0.135238434241801 0.13537637139213 0.138452798586025 0.144903303234096 0.176527078974625 0.20912599533252 0.125685449411637 0.131482868205546 0.176592156202545 0.197101433781192 0.189056189945201 0.183932380554732 0.197260666863184 0.223444480469038 0.259000178564099 0.269576459765331 0.196792075730987 0.309197943082431 0.26887887198035 -9999 -9999 -9999 -9999 -9999 -9999 -9999 -9999 -9999 -9999 -9999 -9999 -9999 -9999 -9999
0.15387111637677 0.179258510328843 0.158601192918255 0.201213388654878 0.198782293200879 0.194957076371799 0.180369318773707 0.183308202343023 0.15140438997233 0.178524798510643 0.193901625898074 0.167909581272014 0.204036192536465 0.226147762299923 0.166446170259001 0.155823757598305 0.139696817400655 0.143897999984244 0.136688875029172 0.103860179552328 0.13828739353175 0.142341888209404 0.132929416102779 0.173722677795201 0.200961728766304 0.192376803322012 0.171414692209802 0.314702266994585 0.148761556610953 0.194199027741326 0.215350944502009 0.319173597257177 0.307909261675605 -9999 -9999 -9999 -9999 -9999 -9999 -9999 -9999 -9999 -9999 -9999 -9999 -9999 -9999 -9999 -9999
0.19364953434779 0.178909265665285 0.177406079723261 0.179894361418394 0.170503114331446 0.171839868595565 0.138060262048786 0.187920795167381 0.160789709122982 0.169668389050231 0.149880313135059 0.172215654618841 0.24285587613692 0.171076774059324 0.164379027627346 0.12976589368338 0.152850261356461 0.107749636390146 0.139469362416681 0.149991059147456 0.10131502033237 0.131869264694628 0.154519278923343 0.212697396454352 0.207071545243195 0.197358385085635 -9999 -9999 -9999 0.336389490832292 0.183355289728981 0.264023514842478 0.377429006579936 0.358516778943274 -9999 -9999 -9999 -9999 -9999 -9999 -9999 -9999 -9999 -9999 -9999 -9999 -9999 -9999 -9999
