Landscape_phylogeographic_analyses/Environmental_files/WNV_rasters/Central_flyway_normalised.asc
NCOLS 312 
NROWS 173 
XLLCORNER -128.0000208 
YLLCORNER 18.9999684 
CELLSIZE 0.20833325 
NODATA_value -9999 
[rows 66 to 87 of 173, columns 98 to 146 of 312]
0.183761887662125 0.103575076675125 0.0707730023216305 0.0871411808426952 0.36035472909847 0 0.00854771670898985 0.223013978564358 0.414083973029606 0.342136298913478 0.0980655227259043 0.13806118727691 0.480547147592365 0.502106625228993 0.493503337246709 0.566777581863548 0.667252233611738 0.641834324225726 0.700754607084338 0.692665942670638 0.782365298738041 0.834688667837127 0.806638881677195 0.823484483202797 0.799176406269953 0.825208857133774 0.862829030218345 0.861579175411315 0.831851274359622 0.865320330511179 0.831352691575545 0.86274250994971 0.799114324748133 0.839668111454893 0.870974468532183 0.866581826392167 0.875781906074063 0.86444324737975 0.86109187652992 0.850798673091407 0.807330524122893 0.818513494002936 0.832821984618705 0.827450080935134 0.808802563208357 0.829790660065371 0.812880706263649 0.814663723307989 0.820113376855915
0.107496599460205 0.137468437411316 0.179113771417804 0.0942252404223349 0.0383853432433308 0.192201720797552 0.180243839300946 0.174083886042441 0.166518759303491 0.0567634466016803 0.0849173667641703 0.288112145737382 0.420301476782586 0.491535441240193 0.521153520429843 0.598535044597001 0.608545614590983 0.596515439747717 0.66656367942503 0.644181300768962 0.670246168819131 0.793248112925944 0.815275377046524 0.820264245074547 0.7779053569187 0.867270007649842 0.85980040886752 0.885834317974548 0.886606125532762 0.877848835051749 0.850361607137782 0.876377024244549 0.885726345434151 0.864987825127839 0.800413547928286 0.860871573372727 0.845385446832249 0.864128183720962 0.855032405697065 0.833882242316521 0.829903468201498 0.849538504388025 0.815396029743779 0.837658496837863 0.75001734137996 0.839239371530811 0.834730391699822 0.813786307214308 0.834312828405812
0.139544093879142 0.135752378148268 0.126885724949152 0.171916481447463 0.125112188872492 0.317981437173423 0.281199048250114 0.0677591492660508 0.0566617864229068 0 0.0369157381871461 0.471817125990202 0.574875928802015 0.628641876832527 0.571524338003287 0.613422721776541 0.627550171063121 0.564409955042507 0.633304410812163 0.7372239598401 0.744924774246604 0.799179017614253 0.736527428310837 0.848174173003246 0.807136444414505 0.818425812521556 0.82925757644376 0.837566989087196 0.851829024229595 0.823654801887598 0.857094043167151 0.858374199364152 0.883336533962658 0.854513498639547 0.851819099982832 0.879603609628038 0.844435987093893 0.834597088982301 0.847930497140512 0.821141408809993 0.824630205463764 0.847378664847218 0.854333829273687 0.849234141957804 0.788843235399999 0.840713505107631 0.840282069082446 0.830767164926116 0.806457584118811
0.253794624326752 0.142899979385337 0.195841462276387 0.141528296838883 0.0780630137814749 0.313765952780518 0.323587052742793 0.0174171850981164 0 0.121605335662061 0.0083916065910044 0.301390339239049 0.699344552383402 0.640419037681188 0.671944459754257 0.687381466845138 0.658296146935757 0.603732552874924 0.661294631066049 0.725219304762865 0.806304303679739 0.698851639125001 0.765256881670055 0.812514436922895 0.774211717444258 0.844413023088668 0.835715132623249 0.864837868248682 0.847260467363938 0.871999251890723 0.854907486782841 0.878492051895697 0.86990212308287 0.864086917179733 0.867541940585193 0.856152102189887 0.848015697356698 0.836026634757517 0.839277890982256 0.855211078501148 0.835932564479927 0.84806618717127 0.843420729312658 0.815975825710986 0.8395503566254 0.843190884884531 0.842330263714811 0.835819320449283 0.834149031330627
0.0920992937585711 0.101260862090422 0.11133889448934 0.22459143958872 0.0371093069355297 0.147792776025786 0.0142814447582418 0.00917236260253866 0.0792357878344084 0.0251269570440603 0.0403047718365859 0.40901320367819 0.648028892539651 0.686185491615167 0.705563918172469 0.660142496169146 0.647052321633968 0.686733815841828 0.644365736806513 0.731536751867817 0.63712337280363 0.730283570878851 0.796761606070148 0.788480453240891 0.768638798420115 0.780561602059042 0.839989705278187 0.830143387050901 0.839132689633203 0.821713302441721 0.867775877617661 0.874471290785914 0.856072436493306 0.886056484878891 0.849686915797664 0.860687035944946 0.86207662375859 0.849093827858309 0.849316703858 0.851905067193455 0.860474021977191 0.86176343074832 0.83679738895557 0.837273421593502 0.836102773076384 0.83557613082559 0.843792463567509 0.852005489925013 0.841998508482473
0.150914009361353 0.126394445893362 0.0957952640871966 0.23930992721455 0.0511044450721181 0.344759992975972 0.216207824145188 0.159573939089469 0.0765995877122742 0.0105132969055264 0.00627260253196687 0.542420352789284 0.687559054582114 0.689134566232767 0.704069008223444 0.656789467866895 0.633342750959883 0.565132168592268 0.604705652868335 0.63292596376809 0.677596322112871 0.758844426316516 0.754570284684822 0.773408723792892 0.743393674743097 0.710881921199592 0.791012512111878 0.794170478068354 0.826527775513485 0.82790443321707 0.886118553043437 0.865707195393466 0.85475407278767 0.86649768015713 0.833751200087217 0.877899985891564 0.874649788226807 0.871289023408538 0.853568463913817 0.858620585214186 0.844070031892848 0.851120282630711 0.846978162935537 0.828402644780318 0.8434858057334 0.842871816608133 0.835175125615388 0.84353416148964 0.841440390220524
0.139904749193424 0.229112766261367 0.0823784301087818 0.144579299144707 0.0514902067075643 0.0332314023226992 0.179521280418306 0.014602669273623 0.00812792119343426 0.0254736615606277 0 0.497060716930211 0.541547396478485 0.666956202535305 0.69789243796827 0.704045173782801 0.707672866160914 0.63186867958738 0.691114393554037 0.732109823871297 0.697729687281455 0.799112301044105 0.678144976171782 0.681701721963838 0.753355005630942 0.738157012010825 0.767761231747441 0.817291305298653 0.799666659063923 0.813778058837977 0.856724813777519 0.899075416034694 0.881660781634844 0.870859151284524 0.880365753684246 0.876360885021425 0.860338533756663 0.867340063661493 0.862609052227402 0.857216405344996 0.851951833021276 0.856072381438778 0.843993634422025 0.834512292377943 0.847994116419933 0.827584596150485 0.858288252952276 0.861572737135583 0.837789424762617
0.0293216951370272 0.182139555977193 0.102223615886761 0.123991461219392 0.0640455735380261 0.0796222350009141 0.0546504720849927 0.0537077081857291 0.120414288625901 0.0187313493955954 0.0269282577759109 0.220223344941935 0.388682731032225 0.435550912767689 0.533908576809238 0.620927615668006 0.618728949251726 0.601152188330562 0.670126514076751 0.630724566596085 0.701311521770361 0.726964145239439 0.680786312447667 0.691432617580453 0.71413989908834 0.75899732178253 0.778828100962976 0.805753103690637 0.832820689144747 0.840228960007603 0.819182701174091 0.843940091698537 0.87419453686559 0.86883053767715 0.881055908263368 0.889457056312777 0.843109535476423 0.86127146182764 0.849432605621979 0.867266904134263 0.868240461654237 0.869170319550535 0.857397402292992 0.845138473309688 0.849490411176281 0.856863569168291 0.876370676150589 0.846473717432128 0.85523692506633
0.0616629708127229 0.1145884327732 0.102880430272545 0.0256978269252645 0.0492240425912123 0.082852881266047 0.0275650021408718 0.0382280371869102 0.105850999587688 0.114665490505166 0 0.0297259064596818 0.303103033691999 0.281928511839404 0.375790872315492 0.440209649930808 0.410525574706473 0.482827414185433 0.576029438925304 0.587079508827854 0.67767743561022 0.713509445054741 0.718918965324469 0.684903645323431 0.729472866436919 0.769675738366721 0.777658673457213 0.830216891074043 0.816970269914811 0.811260891223947 0.801080790462314 0.847958438391956 0.867977421577336 0.868516931611786 0.858667856143897 0.852962961137196 0.843750035786977 0.86452263935641 0.854411067505452 0.855693667661836 0.852557490082016 0.858923564886581 0.865281560655605 0.884172506617525 0.862976139180664 0.876936776728466 0.861713678428986 0.852912252233714 0.853404122613198
0.106523944164845 0.0864796457309524 0.053344495538357 0.0626332172371446 0 0.114447714146147 0.160151896149602 0.0987024287985941 0.341705630667604 0.120457143139162 0 0.0839779250256115 0.0351041256135582 0.158708074690022 0.227392432856202 0.301662349954255 0.426265380853862 0.438345101532052 0.512096673933335 0.552693039116522 0.607982651537047 0.649232768825452 0.65390142021449 0.683693469345226 0.736371802014548 0.779260072021254 0.747600498421421 0.790791557856674 0.803536488202065 0.8176191066844 0.790529844367565 0.820457255987085 0.832561802969092 0.866737549440598 0.870071402919273 0.854464859164233 0.862142949725779 0.858407094225772 0.877304092416573 0.867718297999025 0.851208970317851 0.846883620051622 0.850326462733445 0.838163590650984 0.846289758967173 0.868253531655038 0.859184929462329 0.848456775901218 0.840421800760666
0.114324146755023 0.0909123790104601 0.210933529983387 0.145110325640154 0.100684280067059 0.219948958000208 0.111751117866767 0.275078409814404 0.347271210317904 0.135626294160553 0.0361450619168863 0 0.0115541156671117 0.0920901812299361 0.217401974420419 0.337806705102573 0.404651975957345 0.452203755673106 0.482766534265627 0.509245771089173 0.491144486624848 0.520873554742003 0.640270448750252 0.706463801518645 0.735370573526682 0.756461709474875 0.752779264813058 0.755241187029752 0.801025598213605 0.802068071099668 0.818783373959403 0.794685118836731 0.838862415649013 0.8461450723646 0.862529556565039 0.870462708526898 0.863573596209331 0.874682588251181 0.840598747068224 0.856507822792992 0.824895368975609 0.852654788695069 0.875859416300642 0.86140105170809 0.869379110225971 0.838182647882498 0.851194896553558 0.863684776785033 0.843860784375317
0.0839023541325915 0.042393645026052 0.0222528853005996 0.0702609486787173 0.0340141480863604 0.0768856150766694 0.0531021730935843 0.0728750650208816 0.385224386534303 0.201158820563694 0 0.0790760650268215 0.0661922740084564 0.0431479886145386 0.303835902301927 0.375272719107438 0.369080557349955 0.431753143441911 0.438470583647338 0.515284726244669 0.500640210375794 0.554613102062126 0.602764070486938 0.65269614196257 0.709025170319885 0.750371458586212 0.754049616166696 0.777343178883101 0.782525758343502 0.794875252105203 0.804771872459099 0.804879870711426 0.83346616201029 0.835361951384369 0.854238429765489 0.861381772435957 0.846761169385325 0.855854003977703 0.842185373365846 0.864447009046535 0.846296610762495 0.869022696884407 0.870409354793131 0.856489466190845 0.837501652474053 0.863098933166486 0.864330381804649 0.855400717864851 0.859356789085069
0.0389590101893552 0.0290524733127517 0.0852357737495702 0.126482529058939 0.0154592898421745 0.138224538150618 0.0663638579954893 0.0968850931230516 0.0688178918059004 0.0874236105289495 0 0.00347259823505243 0 0.333642213682357 0.483593798755961 0.441387001293823 0.410660113156868 0.383082348034763 0.504003386479003 0.49166008062296 0.523229553294659 0.533245095480002 0.584031569353112 0.612720182762425 0.699812541184221 0.736998061172767 0.720275774905553 0.753841638608258 0.76048812487227 0.753928164953169 0.761901174903932 0.819787605130096 0.823467564078783 0.830640201403909 0.844344929211322 0.857518005005817 0.835248339988345 0.846813448717278 0.83478270552196 0.868709850083657 0.852588063489006 0.852943356035975 0.865589159157706 0.851870543831738 0.843569057525841 0.850682309486598 0.838331014508853 0.8656881635778 0.873182186968713
0.0674712761574885 0.0640599621688468 0.114480822015346 0.16084068633894 0.148083493788553 0.0773803612840081 0.0313444504506563 0.146455383347286 0 0.0277800574105455 0.0168649287981933 0.193160024125802 0.0965523426093272 0.303737412300043 0.39823154494039 0.417642476137358 0.411528033362479 0.38304293584124 0.501265178707576 0.564297995672429 0.575180465772613 0.622677983208447 0.599260158771771 0.628050453100236 0.629334710903532 0.705403270298257 0.687390768535059 0.767629340979123 0.789933113389827 0.796783318013852 0.755885823445301 0.808924637247371 0.819392965901327 0.8388353493617 0.807643447045625 0.848489888416352 0.842134739424241 0.856530478914091 0.853309226113334 0.859763599186035 0.83491481812709 0.852358042514651 0.853132980652838 0.857263125266448 0.831502791301477 0.871313856008919 0.880761934983719 0.880215582707749 0.855132934790951
0.0127914526187003 0 0.0452838535839762 0.0818606620910165 0.179032727767027 0.0199838422488271 0 0.170770867628581 0.0910334670158786 0.0404347554016717 0.103687684388633 0.0372786913492317 0.268460690061254 0.42311749274581 0.435226471326799 0.507437065301532 0.51676459843256 0.510112049032356 0.519403666974965 0.579349140621552 0.58201964174722 0.60331709911092 0.645655887721515 0.676630650371547 0.713033711488328 0.727158073376049 0.755634971653489 0.727863827017314 0.740172689795924 0.752722456033874 0.730576691639625 0.781357567398226 0.792386086901786 0.829944540444806 0.857050684519733 0.834581569597528 0.832036559448136 0.852235824190141 0.862108582706391 0.85544922064024 0.844742518898518 0.856032283562286 0.866830058490854 0.857955746671617 0.853225522801602 0.844308597853851 0.868678995794319 0.869489849542057 0.888566416261922
0.218358387505686 0.146243286743324 0.0356183417867955 0.106749964611365 0.0495906676429608 0.0630829241098325 0.152519752238328 0.302754689103589 0.234663561915463 0.0783929167158687 0.269248156527599 0.0582225310084965 0.0151791328771815 0.310944461650786 0.3906449088923 0.457516557650145 0.535271099236296 0.559898700234587 0.640278504583932 0.573171729475886 0.605551163870911 0.602017254064084 0.624500001773166 0.543952077253203 0.683686192467467 0.696701216961344 0.694428956462335 0.647298928072433 0.748836861134902 0.716889791378704 0.797618694427036 0.770633758591012 0.810656019856853 0.803441788348173 0.816292462371881 0.842219075269777 0.847272797103147 0.851042056384628 0.860486220156122 0.86275107774162 0.85599161403535 0.851958308913365 0.851411190035134 0.862782484985656 0.863874259069977 0.866054715430114 0.84871857649687 0.866152368812036 0.888823994974716
0.208890301113992 0.0692492180816223 0.0636986263082839 0.0533320170190415 0.0247313321689107 0.0673905359936274 0.176695612985379 0.271686450919896 0.198887267960909 0.192853653598501 0.106777053269276 0.163855377227332 0.267811697708973 0.40031067124014 0.30007902632478 0.367056507169926 0.47516796300336 0.527576818141449 0.561957918184099 0.555235736311003 0.565775122116263 0.572782000237541 0.587743129665457 0.642398968839323 0.629512470289638 0.678325132842583 0.693757020988924 0.7363054115149 0.755538851172382 0.737890211214843 0.777462331100094 0.791785100282269 0.813146009505068 0.829530282902983 0.830824062970578 0.826398026172922 0.836975926932656 0.858053993633259 0.871794610082326 0.855084572250471 0.853930001370212 0.836304333867463 0.870659379718307 0.877416621911399 0.860971803237841 0.88510472421757 0.888575070671304 0.887476651609751 0.896217569618455
0.230624603639262 0.152943901570387 0.111512650832154 0.0147792439814037 0.0544229414928503 0.202538521136866 0.231443903452055 0.38135145026967 0.306954706021965 0.179238612585902 0.0666819046429645 0.053953209548388 0.187703035968215 0.134314720847558 0.32430137383472 0.413237023353523 0.409614975268547 0.416298816655733 0.449678042758789 0.436755744767668 0.492372150896268 0.501346187535722 0.545516743008109 0.607362412514898 0.641469220177861 0.67066670506519 0.690855517434217 0.711225546366587 0.707229818890034 0.737442477606472 0.739089927804021 0.757386141548529 0.781758123012515 0.7822500206084 0.787969730583308 0.845866592085742 0.828786112369232 0.820648826211115 0.849739927905119 0.873544183118016 0.862122813639979 0.847312138881363 0.86241794431076 0.862385559618687 0.862932729882534 0.880128944817953 0.884421672705782 0.872411221337932 0.883232466660311
0.0422269632924084 0.042210890258996 0.106676624690524 0.0287215904977047 0.131596608261542 0.0591601472949035 0.162102666921108 0.394816048915989 0.297901991714348 0.211297134649848 0.0497145949367189 0.0844706121007203 0.0890512784671318 0.0615915450486035 0.321932789155726 0.388002714303758 0.445534350723015 0.435002027530912 0.400931791579439 0.367786641941935 0.396225561221398 0.518732666452514 0.596788683668147 0.658498724856872 0.653078071138009 0.701546856174779 0.696846700031798 0.721052741178981 0.703944097707033 0.752892962823979 0.794825184007715 0.787408185597603 0.761197402399749 0.793640686702958 0.827596238353526 0.824392350940233 0.862566095324376 0.818932531170898 0.873464962295816 0.864509984271406 0.842015225482107 0.840236009248397 0.844781537081624 0.870130882955147 0.875916308216079 0.877969013455845 0.869374212175779 0.883138968897682 0.878127283246858
0.0746340126543106 0.0109166621903325 0.0575045819844951 0.0353772908878042 0.167594415112318 0.0573392159033666 0.243487972568381 0.283719734791558 0.294639638126041 0.2444060597296 0.287058268829965 0.112087232560362 0.0828992274053162 0.043535021441454 0.0442855061028058 0.350363625096407 0.421461346203942 0.415082091029331 0.322921668392853 0.343240437663496 0.403232659635376 0.475140480922533 0.601834484611877 0.623118282689235 0.637744995580352 0.694975310033834 0.72820648051432 0.708526493331411 0.694761870951351 0.704911291162894 0.73206383505217 0.751283065697065 0.795171506980487 0.790753315970235 0.802420651862422 0.801757476771365 0.798264699124347 0.822047440828423 0.851678115262578 0.848804329048571 0.844622543834179 0.82434419317053 0.849525422991213 0.874548032066053 0.875032700978053 0.890034276838064 0.893718758583719 0.879945278247039 0.892566127859524
0.131901573175053 0.0225380133680533 0.0618169870330608 0.055697390192598 0.140455191189073 0.125582121397436 0.0480814068723191 0.174245196188332 0.233991466457281 0.241113113268184 0.0622881963350276 0.0489734853813057 0.00944866917677168 0.0356387625967861 0.0279705017609115 0.277096721373447 0.297732713121194 0.270199374707114 0.29643346697906 0.361381349174167 0.306288762645196 0.496296950186719 0.535221916487068 0.504328480532953 0.597196631198035 0.626851353000051 0.697100375711281 0.72349428863149 0.685965271870139 0.698808417305807 0.736984039770664 0.746590288041678 0.758409619053731 0.78316935649116 0.81286002753831 0.787278215929968 0.829586899550057 0.822255574432732 0.83659170788494 0.832892360618361 0.821692067969591 0.8310494588677 0.858585473238946 0.867335839420822 0.866457221101283 0.876907454415754 0.903544479769634 0.888840044105988 0.886707138370442
0.102808796771538 0.0251830759327023 0.0405369389058454 0.0152405403714624 0.0807130391960965 0.0996414619729062 0.15355422909172 0.0860668586238629 0.126502021164486 0.131430744672902 0 0.021386143072831 0.00241274216410364 0.0404709588767199 0.165069592112597 0.313886815289409 0.25615025340517 0.228240559517215 0.333168190221084 0.363970951143549 0.402623408053776 0.403972073841839 0.552254227312994 0.56993240849984 0.611387188010499 0.704665763038533 0.717367086358455 0.682249416567865 0.720119736097439 0.732117134449945 0.755389061463454 0.700072710735533 0.762037496703287 0.743930348884716 0.738935442503781 0.81161509187377 0.840887188985052 0.806656809886682 0.886165520580239 0.83393910879521 0.84076290392851 0.855094362961823 0.872426998454777 0.869510410182075 0.883876140522596 0.786184079857478 0.889594668465822 0.886616323881945 0.892104358778322
