Landscape_phylogeographic_analyses/Environmental_files/WNV_rasters/Land_cover_croplands_WNV_16.asc
NCOLS 390 
NROWS 216 
XLLCORNER -128.0000208 
YLLCORNER 18.9999684 
CELLSIZE 0.1666666 
NODATA_value -2147483647 
[rows 70 to 104 of 216, columns 158 to 236 of 390]
0 2 1 0 0 3 0 0 3 0 11 139 320 294 305 357 261 384 400 392 400 400 400 400 400 400 400 400 400 400 400 400 400 400 400 400 400 400 400 400 392 395 400 400 400 400 400 400 400 400 400 400 400 400 400 400 400 400 400 394 400 400 394 259 400 391 397 395 389 397 385 387 399 397 396 400 396 387 400
0 0 0 0 0 5 0 0 0 2 1 76 121 165 162 316 380 309 307 397 400 400 400 400 400 400 400 400 400 400 400 400 400 400 400 400 400 400 400 397 400 400 400 400 400 400 400 400 400 378 387 400 400 399 400 400 400 400 400 400 400 400 350 321 339 387 400 396 385 365 393 400 386 169 326 400 389 397 388
0 0 0 0 0 0 0 0 1 4 15 3 0 4 4 119 261 264 317 305 366 396 392 322 330 375 398 400 400 400 400 400 400 400 400 400 400 400 400 400 400 400 400 400 400 400 400 400 400 400 400 400 400 400 400 400 400 400 400 400 400 400 400 305 400 400 400 400 400 400 400 400 398 399 372 389 315 387 395
0 0 0 0 0 0 0 0 0 0 5 14 3 9 34 140 167 175 140 107 318 338 379 394 400 400 399 380 386 395 400 400 398 398 400 400 394 400 400 400 400 400 400 400 400 400 400 400 400 400 400 400 400 400 400 398 400 400 400 400 400 400 400 340 360 387 400 396 400 400 399 400 400 400 400 364 382 396 385
0 0 0 0 1 0 0 0 0 22 114 54 89 58 178 387 379 278 235 334 326 344 385 400 400 400 400 400 400 396 400 361 400 400 400 400 400 400 380 400 400 400 400 400 393 399 400 400 400 400 400 400 400 400 400 328 392 400 400 400 397 400 400 400 400 309 362 400 400 400 400 400 396 400 400 360 396 400 356
0 0 0 0 0 0 0 0 0 0 1 0 16 12 13 117 140 262 361 398 375 364 400 400 400 400 400 400 400 400 400 363 400 400 400 400 400 400 400 400 400 400 400 400 400 400 398 399 400 400 400 400 400 400 400 382 381 400 398 400 400 400 400 400 400 391 352 357 400 400 400 400 400 400 400 365 392 400 394
0 0 0 0 0 0 0 0 0 0 0 0 0 0 0 11 101 207 152 208 392 400 400 400 400 400 400 400 400 400 400 380 400 400 400 400 400 400 400 400 400 400 400 400 400 400 400 400 400 400 400 400 400 400 400 400 400 400 400 400 400 400 400 400 400 400 400 304 367 399 400 400 382 400 400 227 376 394 399
0 0 0 0 0 0 0 0 1 0 0 0 1 0 0 0 1 163 170 245 377 381 397 400 400 376 400 400 400 400 400 400 400 400 400 400 400 398 400 400 397 400 400 400 400 400 395 400 385 400 400 400 391 400 400 400 400 400 400 377 361 400 400 400 400 400 400 400 342 323 400 400 400 399 393 400 400 396 400
0 0 0 0 0 0 0 0 0 0 0 0 1 0 0 1 0 20 108 119 222 400 400 400 400 400 399 400 400 398 400 400 400 400 400 400 400 400 400 400 400 400 400 400 400 398 400 400 400 400 400 400 400 400 400 400 400 400 400 353 368 400 400 400 400 400 400 400 359 326 400 400 400 387 400 399 400 376 400
0 0 0 0 0 0 0 0 0 0 0 8 20 31 17 77 34 25 53 194 303 372 400 400 400 400 400 400 400 400 400 400 400 400 400 400 400 400 400 400 400 400 400 400 400 400 400 361 380 400 400 398 400 399 400 400 400 400 400 384 352 400 400 400 400 400 400 397 331 400 400 381 393 400 400 400 400 400 400
0 3 0 0 0 0 0 0 0 1 88 55 59 72 63 171 210 169 240 300 331 400 400 400 400 400 400 400 400 400 400 400 400 396 400 400 400 400 398 400 400 400 400 400 400 400 400 279 219 400 400 400 400 400 400 400 400 400 400 400 380 397 400 399 400 400 261 284 398 400 400 400 400 400 400 400 400 400 399
0 0 0 0 0 3 71 85 44 38 85 174 34 101 78 89 180 210 208 154 343 375 399 400 377 383 400 400 399 400 387 387 400 400 391 400 400 400 400 397 400 400 400 400 400 400 400 400 394 400 355 320 392 400 400 400 400 400 400 400 400 400 398 361 359 372 296 356 400 400 400 400 400 400 400 387 376 380 400
2 3 0 50 53 0 0 0 61 55 8 15 0 23 85 105 200 363 367 331 391 399 399 400 400 400 400 400 400 400 400 400 396 142 144 395 400 400 400 400 400 400 400 400 400 400 400 400 400 400 400 399 400 400 391 400 400 400 400 400 400 400 400 311 400 400 400 400 400 400 394 400 400 329 364 379 387 396 388
84 169 85 86 32 10 14 11 71 113 24 23 29 44 136 302 314 359 398 393 400 399 400 400 400 400 400 400 400 400 400 400 400 391 369 394 400 400 396 400 400 400 400 398 400 400 400 400 400 400 400 400 400 400 400 376 400 400 393 400 400 400 400 396 336 400 400 400 400 400 400 400 400 357 385 400 393 385 400
114 83 108 35 102 39 0 37 141 291 291 142 134 215 331 386 394 400 400 370 395 399 399 400 397 400 400 396 396 363 378 400 400 400 400 395 400 400 400 400 400 400 400 400 400 400 400 400 399 400 400 385 357 400 400 400 400 400 400 400 397 400 400 361 352 400 398 383 400 396 400 400 370 324 400 400 400 400 396
91 143 113 55 41 26 11 3 5 110 236 312 331 379 379 390 400 400 400 400 400 400 400 400 400 400 400 400 399 326 335 400 400 400 391 397 400 398 400 400 400 400 400 400 400 400 400 399 400 400 400 400 398 400 400 400 400 400 393 400 400 400 399 288 400 400 400 400 400 400 400 392 159 397 400 400 400 400 400
60 26 65 0 8 10 0 7 22 3 54 233 400 397 398 399 399 400 400 382 400 400 400 400 400 400 400 400 397 400 400 400 400 400 400 400 400 400 400 400 400 400 400 400 400 400 400 400 400 400 400 400 400 400 400 400 400 400 400 370 391 326 358 390 400 400 400 400 400 391 391 370 304 396 400 389 375 400 400
35 7 3 11 0 3 1 17 6 22 115 272 310 399 400 400 400 400 400 400 400 400 400 400 400 400 400 400 400 400 400 394 389 400 398 400 400 400 400 400 396 400 400 400 400 400 400 400 400 400 400 400 385 398 400 400 400 400 400 400 400 310 400 400 400 392 398 400 400 357 273 400 400 400 400 390 362 400 400
47 10 2 7 52 104 99 49 65 128 166 203 311 361 331 326 390 388 393 390 396 396 400 400 400 400 400 400 400 393 400 312 342 400 400 400 393 400 400 400 400 400 400 400 400 399 400 400 400 400 400 400 394 398 380 400 400 400 400 400 386 374 400 400 399 400 400 398 373 372 399 400 400 400 400 400 396 393 400
61 0 1 0 0 25 21 16 23 98 83 138 234 195 78 112 103 223 222 257 353 396 400 400 400 390 328 329 398 396 397 385 341 383 399 399 400 400 398 400 400 400 400 400 400 400 400 400 393 400 400 400 400 400 380 400 400 400 400 400 386 350 400 400 400 400 400 320 302 400 399 400 400 397 400 400 383 390 397
0 0 2 1 0 6 15 3 24 105 34 221 319 137 47 196 239 354 346 242 267 234 389 400 399 345 314 252 354 395 396 398 397 400 400 398 399 400 399 400 400 400 400 400 400 400 400 400 400 400 400 400 400 400 393 400 400 400 400 400 400 311 400 400 383 400 349 399 400 400 400 400 379 400 400 399 313 399 398
12 56 11 5 4 4 0 5 2 12 5 2 38 71 152 321 376 376 343 263 191 293 378 386 279 223 184 276 262 248 259 379 387 399 393 400 399 400 400 400 344 351 400 400 393 400 400 400 392 400 400 399 400 400 383 399 400 400 400 400 400 355 393 400 400 400 371 400 382 400 400 358 298 398 400 400 377 400 400
12 40 35 60 43 54 22 18 1 14 3 4 18 8 25 168 203 197 217 272 365 360 247 279 306 384 375 314 66 74 95 68 210 227 254 301 399 400 400 389 397 400 400 399 400 400 400 400 400 400 385 397 400 400 369 400 400 400 385 318 387 400 355 367 400 400 399 400 400 400 400 400 400 385 396 400 400 374 378
30 79 50 127 154 244 212 85 43 24 1 2 11 50 30 35 46 65 219 237 253 326 178 90 41 74 268 278 10 25 26 0 6 10 40 225 346 396 400 400 380 395 376 396 390 400 400 400 399 395 400 398 399 400 400 383 400 400 388 369 399 400 389 359 355 375 383 400 399 400 400 400 400 400 399 398 400 366 400
12 23 7 122 42 95 91 31 1 33 9 12 6 4 68 14 6 0 21 27 38 107 53 96 32 11 128 82 10 4 6 21 117 72 13 31 215 344 399 394 360 373 289 342 397 400 389 400 398 400 400 400 398 400 389 364 400 399 388 400 400 399 399 398 396 292 332 398 400 400 395 399 381 394 397 395 400 397 396
0 9 2 3 8 17 20 73 86 6 0 2 3 0 4 0 0 0 0 19 24 12 7 26 66 22 104 20 18 26 0 0 0 51 114 71 198 317 386 375 341 201 44 178 351 397 399 399 400 400 389 400 383 400 397 386 394 400 398 400 400 400 396 394 363 310 251 358 397 400 400 395 396 386 400 397 398 388 382
1 0 0 6 1 7 5 38 12 2 0 11 6 12 21 9 1 0 0 11 1 13 6 40 90 239 134 74 22 1 0 0 0 0 11 50 119 173 233 309 265 100 176 308 382 400 400 400 399 400 400 400 400 392 392 348 346 390 368 271 297 346 390 374 392 369 289 296 278 313 400 400 400 397 397 391 398 397 393
92 24 6 21 14 15 16 27 12 3 1 0 2 6 7 51 16 32 13 3 4 2 0 110 140 104 52 2 0 2 0 0 0 0 13 55 31 97 189 176 230 299 386 394 395 400 400 387 384 400 374 400 400 400 400 364 281 323 275 224 246 283 147 205 336 251 167 75 54 288 351 396 400 399 271 400 399 390 400
38 123 128 112 141 110 81 54 11 9 0 3 2 35 51 56 61 191 148 119 52 6 7 110 40 29 0 9 0 0 0 4 2 0 10 8 90 175 121 197 217 264 373 387 398 400 400 400 399 400 400 393 379 400 399 398 347 345 363 264 237 253 391 377 290 149 122 42 91 238 325 398 394 380 353 387 393 398 398
55 51 43 43 149 71 26 9 0 6 0 0 17 48 40 147 232 189 233 186 205 54 15 189 179 114 18 18 0 0 0 0 29 83 16 3 13 111 127 208 254 279 307 396 400 400 376 385 387 373 298 250 233 284 395 386 372 360 372 346 206 316 297 277 333 191 185 176 336 400 396 368 363 393 400 398 398 400 400
93 22 9 36 158 9 6 0 0 1 0 1 60 113 155 214 223 270 176 20 198 168 73 334 298 176 13 0 0 0 0 0 0 8 30 38 12 72 81 103 172 317 292 379 370 399 396 347 184 132 206 73 13 85 156 146 302 353 288 280 304 345 377 97 130 177 234 236 357 394 364 394 393 398 400 389 348 400 400
101 66 60 291 292 116 44 10 6 2 0 10 14 98 139 299 314 214 92 15 108 134 26 70 153 92 26 13 3 0 0 0 0 0 0 41 94 35 24 87 187 203 309 353 394 352 316 296 115 155 241 96 68 127 158 349 370 332 190 316 281 232 128 31 45 77 209 143 230 351 398 397 391 373 384 392 260 400 399
18 5 218 292 196 163 163 156 56 12 0 11 84 137 332 272 215 219 233 52 51 95 101 262 195 138 8 45 0 0 0 0 0 0 0 9 18 74 31 35 181 120 281 379 373 337 315 288 337 256 257 294 149 156 326 353 260 145 80 294 135 128 143 11 30 164 163 329 161 351 371 338 356 386 392 393 371 395 392
93 77 206 161 341 342 256 237 147 109 85 70 80 197 191 195 251 274 132 92 143 106 56 61 190 30 2 5 0 0 0 0 0 1 38 17 10 115 46 37 57 134 325 320 325 322 365 225 383 364 384 385 170 274 362 261 118 38 103 187 258 34 40 16 67 229 165 284 250 131 340 388 285 225 359 295 358 359 388
225 130 58 100 149 235 273 35 42 102 49 86 42 43 27 132 277 240 175 257 133 72 12 198 56 27 18 9 0 0 0 0 0 2 28 38 6 15 49 39 41 117 258 264 335 330 254 173 307 331 397 395 355 384 370 203 111 41 191 282 363 199 51 10 19 19 121 234 277 301 385 400 264 105 236 222 310 222 156
