Landscape_phylogeographic_analyses/Environmental_files/WNV_rasters/Land_cover_croplands_WNV_16.asc
NCOLS 390 
NROWS 216 
XLLCORNER -128.0000208 
YLLCORNER 18.9999684 
CELLSIZE 0.1666666 
NODATA_value -2147483647 
[rows 140 to 174 of 216, columns 158 to 236 of 390]
1 2 0 0 0 4 0 12 35 1 1 0 0 1 0 0 0 0 0 0 0 0 0 0 0 5 84 94 28 45 23 24 40 18 6 28 12 28 0 5 5 7 95 22 4 6 24 3 1 8 0 49 157 57 3 0 3 29 300 297 258 91 0 0 2 0 3 11 0 0 0 0 13 2 1 0 2 0 1
0 0 0 0 0 0 8 51 9 1 0 0 0 0 0 1 0 0 2 2 0 0 0 0 3 8 27 156 153 123 53 93 63 74 7 33 13 38 4 1 4 5 18 12 4 11 0 11 5 0 0 0 0 70 198 7 6 23 244 337 209 17 10 3 11 4 5 0 14 1 0 0 10 2 2 6 0 0 0
0 2 0 0 0 0 6 10 0 1 0 0 0 0 0 0 3 3 0 1 0 0 0 0 2 1 4 177 288 140 10 61 38 26 24 63 44 27 19 1 7 5 18 5 0 0 0 2 2 0 0 0 0 1 124 162 49 329 197 103 83 4 1 1 0 0 7 4 0 34 0 3 0 3 2 0 0 4 0
1 0 0 0 0 0 0 0 0 0 0 0 1 0 0 0 0 0 0 0 0 0 0 0 4 8 2 13 208 83 23 31 15 41 64 105 25 7 3 0 4 0 1 0 0 0 0 0 1 0 0 0 0 0 3 198 321 322 192 62 39 1 8 7 1 3 1 7 2 11 4 0 0 2 1 0 0 0 5
0 0 0 0 0 0 0 0 0 0 0 0 0 0 0 0 0 0 0 3 0 0 0 1 20 8 9 1 15 88 31 5 5 20 16 27 13 46 8 2 4 0 0 0 4 2 0 0 0 11 3 0 0 3 0 13 235 300 235 354 86 10 15 15 2 0 4 87 33 19 0 2 3 15 1 5 0 0 49
0 1 0 0 0 0 0 0 0 0 0 0 0 0 0 0 0 0 0 3 0 0 0 9 10 76 38 55 12 19 149 25 7 5 4 7 26 2 4 16 18 0 0 4 6 2 0 0 0 3 10 1 1 0 3 173 253 216 220 293 181 133 91 60 27 6 12 43 21 1 11 15 8 11 4 15 0 0 34
0 2 0 0 0 0 0 0 0 0 0 0 0 0 0 0 0 0 0 3 1 0 0 11 80 52 27 17 8 30 68 129 37 15 9 0 0 12 0 9 28 0 0 0 0 0 0 0 0 0 4 6 6 140 221 381 399 336 267 54 274 292 145 84 25 0 2 42 5 10 0 0 19 10 3 0 1 0 0
0 0 0 0 0 0 0 0 0 0 0 0 0 0 0 0 0 0 0 0 0 9 26 7 9 2 11 4 4 2 11 63 214 101 26 38 67 16 0 0 7 0 0 0 4 1 3 0 0 1 129 35 219 381 261 346 396 395 338 45 69 94 174 50 34 0 0 0 0 14 0 1 1 3 14 24 19 2 2
0 0 0 0 0 0 0 0 0 0 0 0 0 0 0 0 0 0 0 0 0 0 7 1 3 3 0 0 2 19 35 55 135 167 3 2 19 14 2 1 7 23 21 6 15 0 7 8 121 61 44 291 377 400 260 338 392 315 267 141 0 1 173 195 169 6 0 0 -2147483647 -2147483647 -2147483647 18 0 26 -2147483647 -2147483647 -2147483647 -2147483647 -2147483647
0 0 0 0 0 0 0 0 0 0 0 0 0 0 0 2 0 0 0 0 0 0 0 0 0 0 3 0 10 14 66 56 87 230 128 117 103 42 29 60 116 97 56 119 239 31 37 74 84 119 150 357 225 338 352 385 393 396 353 313 3 0 42 259 230 128 130 44 -2147483647 -2147483647 24 -2147483647 -2147483647 -2147483647 -2147483647 -2147483647 -2147483647 -2147483647 -2147483647
0 0 0 0 0 0 0 0 0 0 0 0 0 0 0 0 0 0 0 0 8 0 0 0 0 0 0 14 111 52 31 46 97 267 168 84 26 30 49 149 102 21 267 377 240 185 49 6 1 15 14 16 6 21 137 215 357 322 180 266 210 41 3 145 124 88 6 86 29 13 34 -2147483647 0 0 -2147483647 -2147483647 -2147483647 -2147483647 -2147483647
3 1 0 0 0 0 0 0 0 0 0 0 0 0 0 0 0 0 0 0 1 0 0 12 1 2 0 22 66 68 56 32 28 253 272 106 5 0 7 52 101 34 320 395 233 70 20 19 -2147483647 -2147483647 -2147483647 41 8 7 1 7 16 -2147483647 -2147483647 41 90 123 69 14 98 219 148 74 3 30 8 0 0 -2147483647 -2147483647 -2147483647 -2147483647 -2147483647 -2147483647
0 22 25 2 0 0 0 0 0 0 0 0 1 0 0 0 1 1 11 3 3 5 14 2 2 1 2 3 85 34 20 243 337 345 200 288 147 183 163 98 -2147483647 -2147483647 105 125 -2147483647 -2147483647 -2147483647 -2147483647 -2147483647 -2147483647 -2147483647 -2147483647 -2147483647 -2147483647 16 6 21 -2147483647 34 -2147483647 -2147483647 7 15 11 16 130 153 139 45 1 32 4 -2147483647 -2147483647 -2147483647 -2147483647 -2147483647 -2147483647 -2147483647
0 0 1 30 39 0 0 0 0 0 0 0 9 4 6 4 23 12 0 7 2 8 5 0 2 7 4 32 57 50 108 346 381 390 300 227 192 309 370 366 74 -2147483647 -2147483647 -2147483647 -2147483647 -2147483647 -2147483647 -2147483647 -2147483647 -2147483647 -2147483647 -2147483647 -2147483647 -2147483647 -2147483647 -2147483647 -2147483647 -2147483647 -2147483647 -2147483647 -2147483647 -2147483647 -2147483647 22 18 9 18 3 79 0 -2147483647 0 11 -2147483647 -2147483647 -2147483647 -2147483647 -2147483647 -2147483647
0 0 0 0 55 8 0 0 0 0 5 11 17 7 11 9 3 15 18 3 24 51 0 0 0 6 8 89 155 75 251 387 400 368 311 153 150 315 229 118 -2147483647 -2147483647 -2147483647 -2147483647 -2147483647 -2147483647 -2147483647 -2147483647 -2147483647 -2147483647 -2147483647 -2147483647 -2147483647 -2147483647 -2147483647 -2147483647 -2147483647 -2147483647 -2147483647 -2147483647 -2147483647 -2147483647 -2147483647 0 0 0 -2147483647 -2147483647 0 -2147483647 -2147483647 -2147483647 -2147483647 1 0 -2147483647 -2147483647 -2147483647 -2147483647
0 0 0 16 31 10 1 0 0 0 0 12 6 5 2 0 7 8 12 15 13 24 9 1 2 13 60 14 71 276 227 387 397 388 313 202 245 202 9 -2147483647 -2147483647 -2147483647 -2147483647 -2147483647 -2147483647 -2147483647 -2147483647 -2147483647 -2147483647 -2147483647 -2147483647 -2147483647 -2147483647 -2147483647 -2147483647 -2147483647 -2147483647 -2147483647 -2147483647 -2147483647 -2147483647 -2147483647 -2147483647 -2147483647 -2147483647 -2147483647 -2147483647 -2147483647 -2147483647 -2147483647 -2147483647 -2147483647 -2147483647 -2147483647 0 -2147483647 -2147483647 -2147483647 -2147483647
0 0 0 0 0 0 38 0 0 0 0 3 43 0 2 6 0 1 3 0 5 8 15 15 8 7 38 48 67 224 235 382 380 393 351 254 123 50 -2147483647 -2147483647 -2147483647 -2147483647 -2147483647 -2147483647 -2147483647 -2147483647 -2147483647 -2147483647 -2147483647 -2147483647 -2147483647 -2147483647 -2147483647 -2147483647 -2147483647 -2147483647 -2147483647 -2147483647 -2147483647 -2147483647 -2147483647 -2147483647 -2147483647 -2147483647 -2147483647 -2147483647 -2147483647 -2147483647 -2147483647 -2147483647 -2147483647 -2147483647 -2147483647 -2147483647 -2147483647 -2147483647 -2147483647 -2147483647 -2147483647
0 0 0 4 1 0 16 1 0 0 0 53 0 0 0 4 3 0 0 0 0 0 0 5 14 18 26 44 149 237 160 258 277 260 163 16 -2147483647 -2147483647 -2147483647 -2147483647 -2147483647 -2147483647 -2147483647 -2147483647 -2147483647 -2147483647 -2147483647 -2147483647 -2147483647 -2147483647 -2147483647 -2147483647 -2147483647 -2147483647 -2147483647 -2147483647 -2147483647 -2147483647 -2147483647 -2147483647 -2147483647 -2147483647 -2147483647 -2147483647 -2147483647 -2147483647 -2147483647 -2147483647 -2147483647 -2147483647 -2147483647 -2147483647 -2147483647 -2147483647 -2147483647 -2147483647 -2147483647 -2147483647 -2147483647
0 0 0 1 44 4 12 13 1 0 0 36 0 0 0 0 0 0 0 30 3 0 1 28 18 30 8 59 55 291 122 -2147483647 -2147483647 -2147483647 -2147483647 -2147483647 -2147483647 -2147483647 -2147483647 -2147483647 -2147483647 -2147483647 -2147483647 -2147483647 -2147483647 -2147483647 -2147483647 -2147483647 -2147483647 -2147483647 -2147483647 -2147483647 -2147483647 -2147483647 -2147483647 -2147483647 -2147483647 -2147483647 -2147483647 -2147483647 -2147483647 -2147483647 -2147483647 -2147483647 -2147483647 -2147483647 -2147483647 -2147483647 -2147483647 -2147483647 -2147483647 -2147483647 -2147483647 -2147483647 -2147483647 -2147483647 -2147483647 -2147483647 -2147483647
0 0 0 0 63 75 15 11 3 0 2 0 0 0 0 0 0 0 0 10 1 0 0 6 15 8 32 7 94 55 66 -2147483647 -2147483647 -2147483647 -2147483647 -2147483647 -2147483647 -2147483647 -2147483647 -2147483647 -2147483647 -2147483647 -2147483647 -2147483647 -2147483647 -2147483647 -2147483647 -2147483647 -2147483647 -2147483647 -2147483647 -2147483647 -2147483647 -2147483647 -2147483647 -2147483647 -2147483647 -2147483647 -2147483647 -2147483647 -2147483647 -2147483647 -2147483647 -2147483647 -2147483647 -2147483647 -2147483647 -2147483647 -2147483647 -2147483647 -2147483647 -2147483647 -2147483647 -2147483647 -2147483647 -2147483647 -2147483647 -2147483647 -2147483647
0 0 0 0 19 63 23 0 4 0 0 0 0 0 0 0 0 0 0 0 0 0 33 18 53 47 79 20 29 -2147483647 -2147483647 -2147483647 -2147483647 -2147483647 -2147483647 -2147483647 -2147483647 -2147483647 -2147483647 -2147483647 -2147483647 -2147483647 -2147483647 -2147483647 -2147483647 -2147483647 -2147483647 -2147483647 -2147483647 -2147483647 -2147483647 -2147483647 -2147483647 -2147483647 -2147483647 -2147483647 -2147483647 -2147483647 -2147483647 -2147483647 -2147483647 -2147483647 -2147483647 -2147483647 -2147483647 -2147483647 -2147483647 -2147483647 -2147483647 -2147483647 -2147483647 -2147483647 -2147483647 -2147483647 -2147483647 -2147483647 -2147483647 -2147483647 -2147483647
0 0 0 0 6 1 6 0 0 0 0 0 0 0 0 0 0 0 0 0 0 0 38 216 249 174 87 -2147483647 -2147483647 -2147483647 -2147483647 -2147483647 -2147483647 -2147483647 -2147483647 -2147483647 -2147483647 -2147483647 -2147483647 -2147483647 -2147483647 -2147483647 -2147483647 -2147483647 -2147483647 -2147483647 -2147483647 -2147483647 -2147483647 -2147483647 -2147483647 -2147483647 -2147483647 -2147483647 -2147483647 -2147483647 -2147483647 -2147483647 -2147483647 -2147483647 -2147483647 -2147483647 -2147483647 -2147483647 -2147483647 -2147483647 -2147483647 -2147483647 -2147483647 -2147483647 -2147483647 -2147483647 -2147483647 -2147483647 -2147483647 -2147483647 -2147483647 -2147483647 -2147483647
0 0 0 20 5 0 2 0 0 0 2 0 0 0 1 0 0 0 0 0 0 0 35 230 278 210 60 -2147483647 -2147483647 -2147483647 -2147483647 -2147483647 -2147483647 -2147483647 -2147483647 -2147483647 -2147483647 -2147483647 -2147483647 -2147483647 -2147483647 -2147483647 -2147483647 -2147483647 -2147483647 -2147483647 -2147483647 -2147483647 -2147483647 -2147483647 -2147483647 -2147483647 -2147483647 -2147483647 -2147483647 -2147483647 -2147483647 -2147483647 -2147483647 -2147483647 -2147483647 -2147483647 -2147483647 -2147483647 -2147483647 -2147483647 -2147483647 -2147483647 -2147483647 -2147483647 -2147483647 -2147483647 -2147483647 -2147483647 -2147483647 -2147483647 -2147483647 -2147483647 -2147483647
0 0 0 14 1 0 1 0 0 0 4 1 0 0 0 0 0 0 0 0 0 2 107 317 362 54 -2147483647 -2147483647 -2147483647 -2147483647 -2147483647 -2147483647 -2147483647 -2147483647 -2147483647 -2147483647 -2147483647 -2147483647 -2147483647 -2147483647 -2147483647 -2147483647 -2147483647 -2147483647 -2147483647 -2147483647 -2147483647 -2147483647 -2147483647 -2147483647 -2147483647 -2147483647 -2147483647 -2147483647 -2147483647 -2147483647 -2147483647 -2147483647 -2147483647 -2147483647 -2147483647 -2147483647 -2147483647 -2147483647 -2147483647 -2147483647 -2147483647 -2147483647 -2147483647 -2147483647 -2147483647 -2147483647 -2147483647 -2147483647 -2147483647 -2147483647 -2147483647 -2147483647 -2147483647
0 1 0 2 2 29 15 0 0 0 0 0 0 1 0 0 0 0 0 0 0 3 6 85 85 83 -2147483647 -2147483647 -2147483647 -2147483647 -2147483647 -2147483647 -2147483647 -2147483647 -2147483647 -2147483647 -2147483647 -2147483647 -2147483647 -2147483647 -2147483647 -2147483647 -2147483647 -2147483647 -2147483647 -2147483647 -2147483647 -2147483647 -2147483647 -2147483647 -2147483647 -2147483647 -2147483647 -2147483647 -2147483647 -2147483647 -2147483647 -2147483647 -2147483647 -2147483647 -2147483647 -2147483647 -2147483647 -2147483647 -2147483647 -2147483647 -2147483647 -2147483647 -2147483647 -2147483647 -2147483647 -2147483647 -2147483647 -2147483647 -2147483647 -2147483647 -2147483647 -2147483647 -2147483647
6 1 69 22 60 23 17 11 1 0 0 0 0 6 0 0 0 0 0 0 2 0 0 2 16 10 -2147483647 -2147483647 -2147483647 -2147483647 -2147483647 -2147483647 -2147483647 -2147483647 -2147483647 -2147483647 -2147483647 -2147483647 -2147483647 -2147483647 -2147483647 -2147483647 -2147483647 -2147483647 -2147483647 -2147483647 -2147483647 -2147483647 -2147483647 -2147483647 -2147483647 -2147483647 -2147483647 -2147483647 -2147483647 -2147483647 -2147483647 -2147483647 -2147483647 -2147483647 -2147483647 -2147483647 -2147483647 -2147483647 -2147483647 -2147483647 -2147483647 -2147483647 -2147483647 -2147483647 -2147483647 -2147483647 -2147483647 -2147483647 -2147483647 -2147483647 -2147483647 -2147483647 -2147483647
17 17 22 1 3 9 5 53 59 46 8 1 2 1 0 0 0 0 0 0 2 0 0 7 21 -2147483647 -2147483647 -2147483647 -2147483647 -2147483647 -2147483647 -2147483647 -2147483647 -2147483647 -2147483647 -2147483647 -2147483647 -2147483647 -2147483647 -2147483647 -2147483647 -2147483647 -2147483647 -2147483647 -2147483647 -2147483647 -2147483647 -2147483647 -2147483647 -2147483647 -2147483647 -2147483647 -2147483647 -2147483647 -2147483647 -2147483647 -2147483647 -2147483647 -2147483647 -2147483647 -2147483647 -2147483647 -2147483647 -2147483647 -2147483647 -2147483647 -2147483647 -2147483647 -2147483647 -2147483647 -2147483647 -2147483647 -2147483647 -2147483647 -2147483647 -2147483647 -2147483647 -2147483647 -2147483647
60 20 0 2 3 6 93 45 0 54 21 0 0 16 0 0 0 0 0 0 0 0 0 10 20 -2147483647 -2147483647 -2147483647 -2147483647 -2147483647 -2147483647 -2147483647 -2147483647 -2147483647 -2147483647 -2147483647 -2147483647 -2147483647 -2147483647 -2147483647 -2147483647 -2147483647 -2147483647 -2147483647 -2147483647 -2147483647 -2147483647 -2147483647 -2147483647 -2147483647 -2147483647 -2147483647 -2147483647 -2147483647 -2147483647 -2147483647 -2147483647 -2147483647 -2147483647 -2147483647 -2147483647 -2147483647 -2147483647 -2147483647 -2147483647 -2147483647 -2147483647 -2147483647 -2147483647 -2147483647 -2147483647 -2147483647 -2147483647 -2147483647 -2147483647 -2147483647 -2147483647 -2147483647 -2147483647
3 2 4 3 3 18 91 9 0 0 84 63 25 19 13 0 0 0 0 0 0 0 0 0 0 -2147483647 -2147483647 -2147483647 -2147483647 -2147483647 -2147483647 -2147483647 -2147483647 -2147483647 -2147483647 -2147483647 -2147483647 -2147483647 -2147483647 -2147483647 -2147483647 -2147483647 -2147483647 -2147483647 -2147483647 -2147483647 -2147483647 -2147483647 -2147483647 -2147483647 -2147483647 -2147483647 -2147483647 -2147483647 -2147483647 -2147483647 -2147483647 -2147483647 -2147483647 -2147483647 -2147483647 -2147483647 -2147483647 -2147483647 -2147483647 -2147483647 -2147483647 -2147483647 -2147483647 -2147483647 -2147483647 -2147483647 -2147483647 -2147483647 -2147483647 -2147483647 -2147483647 -2147483647 -2147483647
0 0 0 1 0 0 5 4 0 0 0 0 17 12 90 6 0 1 0 0 0 0 0 6 27 -2147483647 -2147483647 -2147483647 -2147483647 -2147483647 -2147483647 -2147483647 -2147483647 -2147483647 -2147483647 -2147483647 -2147483647 -2147483647 -2147483647 -2147483647 -2147483647 -2147483647 -2147483647 -2147483647 -2147483647 -2147483647 -2147483647 -2147483647 -2147483647 -2147483647 -2147483647 -2147483647 -2147483647 -2147483647 -2147483647 -2147483647 -2147483647 -2147483647 -2147483647 -2147483647 -2147483647 -2147483647 -2147483647 -2147483647 -2147483647 -2147483647 -2147483647 -2147483647 -2147483647 -2147483647 -2147483647 -2147483647 -2147483647 -2147483647 -2147483647 -2147483647 -2147483647 -2147483647 -2147483647
0 0 0 0 0 0 21 113 17 16 101 71 14 0 53 3 4 1 36 20 0 4 10 88 143 -2147483647 -2147483647 -2147483647 -2147483647 -2147483647 -2147483647 -2147483647 -2147483647 -2147483647 -2147483647 -2147483647 -2147483647 -2147483647 -2147483647 -2147483647 -2147483647 -2147483647 -2147483647 -2147483647 -2147483647 -2147483647 -2147483647 -2147483647 -2147483647 -2147483647 -2147483647 -2147483647 -2147483647 -2147483647 -2147483647 -2147483647 -2147483647 -2147483647 -2147483647 -2147483647 -2147483647 -2147483647 -2147483647 -2147483647 -2147483647 -2147483647 -2147483647 -2147483647 -2147483647 -2147483647 -2147483647 -2147483647 -2147483647 -2147483647 -2147483647 -2147483647 -2147483647 -2147483647 -2147483647
0 0 0 0 0 0 1 95 8 24 34 30 24 13 14 20 158 37 87 135 206 188 357 392 264 -2147483647 -2147483647 -2147483647 -2147483647 -2147483647 -2147483647 -2147483647 -2147483647 -2147483647 -2147483647 -2147483647 -2147483647 -2147483647 -2147483647 -2147483647 -2147483647 -2147483647 -2147483647 -2147483647 -2147483647 -2147483647 -2147483647 -2147483647 -2147483647 -2147483647 -2147483647 -2147483647 -2147483647 -2147483647 -2147483647 -2147483647 -2147483647 -2147483647 -2147483647 -2147483647 -2147483647 -2147483647 -2147483647 -2147483647 -2147483647 -2147483647 -2147483647 -2147483647 -2147483647 -2147483647 -2147483647 -2147483647 -2147483647 -2147483647 -2147483647 -2147483647 -2147483647 -2147483647 -2147483647
0 0 0 0 0 0 6 24 2 0 0 0 13 4 2 68 86 161 189 291 163 331 377 290 160 61 -2147483647 -2147483647 -2147483647 -2147483647 -2147483647 -2147483647 -2147483647 -2147483647 -2147483647 -2147483647 -2147483647 -2147483647 -2147483647 -2147483647 -2147483647 -2147483647 -2147483647 -2147483647 -2147483647 -2147483647 -2147483647 -2147483647 -2147483647 -2147483647 -2147483647 -2147483647 -2147483647 -2147483647 -2147483647 -2147483647 -2147483647 -2147483647 -2147483647 -2147483647 -2147483647 -2147483647 -2147483647 -2147483647 -2147483647 -2147483647 -2147483647 -2147483647 -2147483647 -2147483647 -2147483647 -2147483647 -2147483647 -2147483647 -2147483647 -2147483647 -2147483647 -2147483647 -2147483647
0 0 0 0 0 0 0 7 29 0 0 1 1 0 14 107 71 24 100 202 244 394 371 382 213 163 72 -2147483647 -2147483647 -2147483647 -2147483647 -2147483647 -2147483647 -2147483647 -2147483647 -2147483647 -2147483647 -2147483647 -2147483647 -2147483647 -2147483647 -2147483647 -2147483647 -2147483647 -2147483647 -2147483647 -2147483647 -2147483647 -2147483647 -2147483647 -2147483647 -2147483647 -2147483647 -2147483647 -2147483647 -2147483647 -2147483647 -2147483647 -2147483647 -2147483647 -2147483647 -2147483647 -2147483647 -2147483647 -2147483647 -2147483647 -2147483647 -2147483647 -2147483647 -2147483647 -2147483647 -2147483647 -2147483647 -2147483647 -2147483647 -2147483647 -2147483647 -2147483647 -2147483647
0 0 0 0 9 0 14 8 34 49 1 1 4 23 22 108 93 16 71 92 335 385 400 400 304 168 210 -2147483647 -2147483647 -2147483647 -2147483647 -2147483647 -2147483647 -2147483647 -2147483647 -2147483647 -2147483647 -2147483647 -2147483647 -2147483647 -2147483647 -2147483647 -2147483647 -2147483647 -2147483647 -2147483647 -2147483647 -2147483647 -2147483647 -2147483647 -2147483647 -2147483647 -2147483647 -2147483647 -2147483647 -2147483647 -2147483647 -2147483647 -2147483647 -2147483647 -2147483647 -2147483647 -2147483647 -2147483647 -2147483647 -2147483647 -2147483647 -2147483647 -2147483647 -2147483647 -2147483647 -2147483647 -2147483647 -2147483647 -2147483647 -2147483647 -2147483647 -2147483647 -2147483647
