Landscape_phylogeographic_analyses/Environmental_files/WNV_rasters/Land_cover_croplands_WNV_16.asc
NCOLS 390 
NROWS 216 
XLLCORNER -128.0000208 
YLLCORNER 18.9999684 
CELLSIZE 0.1666666 
NODATA_value -2147483647 
[rows 105 to 139 of 216, columns 237 to 315 of 390]
238 333 337 386 358 382 387 399 379 348 195 244 372 359 311 241 324 237 302 282 168 221 256 340 293 41 11 123 31 8 1 26 31 1 2 3 4 2 2 0 0 0 0 2 81 15 157 20 58 87 26 214 129 179 166 151 101 252 135 66 159 100 88 195 44 29 53 103 88 34 118 85 32 -2147483647 -2147483647 193 -2147483647 -2147483647 -2147483647
338 395 399 366 287 278 233 293 282 205 249 239 263 195 113 257 386 390 389 155 199 259 369 397 222 7 283 91 6 0 1 23 17 14 3 11 1 0 0 0 0 0 30 44 20 40 67 124 136 38 70 69 179 322 309 215 251 212 206 209 120 175 219 136 36 109 80 123 80 44 69 64 29 -2147483647 -2147483647 138 -2147483647 -2147483647 -2147483647
347 354 282 395 288 205 227 321 292 163 304 296 331 383 306 394 400 270 254 387 379 360 347 271 21 34 368 147 3 0 3 4 2 3 14 14 4 0 24 32 80 158 116 95 101 66 232 271 246 120 132 252 327 137 97 226 190 184 189 146 131 63 163 90 59 120 129 62 113 204 228 -2147483647 17 -2147483647 -2147483647 -2147483647 -2147483647 -2147483647 -2147483647
380 231 0 288 400 389 375 349 357 386 394 394 356 400 314 394 397 182 52 118 139 158 216 40 0 52 202 68 12 1 4 0 0 6 42 37 31 122 175 119 79 132 114 277 258 278 116 127 209 206 60 174 265 233 309 241 165 178 130 148 131 72 157 59 37 124 73 50 75 192 246 219 17 0 3 -2147483647 -2147483647 -2147483647 -2147483647
400 368 81 78 329 398 391 400 398 400 400 400 400 391 372 398 398 112 127 154 237 158 31 0 39 62 79 31 2 7 17 77 139 74 48 52 213 121 159 265 298 143 71 166 117 158 308 174 121 19 45 58 97 234 291 277 174 147 85 216 157 257 101 31 56 76 82 199 204 271 312 160 43 101 131 -2147483647 -2147483647 -2147483647 -2147483647
400 362 68 61 196 206 318 392 400 394 400 396 377 294 378 387 332 103 50 130 221 16 1 23 36 6 32 8 69 156 221 172 50 59 210 105 203 241 211 84 69 10 116 273 252 272 168 190 146 183 116 111 103 126 88 213 230 176 227 155 73 204 78 50 105 193 162 320 304 149 296 194 74 250 214 -2147483647 -2147483647 -2147483647 -2147483647
398 358 96 62 100 181 273 353 398 353 266 292 296 342 274 165 52 42 196 261 48 106 41 27 10 17 100 86 167 195 71 117 148 233 156 368 280 203 75 95 80 26 171 103 107 113 332 295 231 143 153 193 197 228 126 116 187 175 157 179 138 239 58 52 186 190 276 382 307 72 152 253 204 291 224 -2147483647 -2147483647 -2147483647 -2147483647
384 344 235 44 115 179 278 189 102 113 72 183 339 356 381 204 29 246 301 67 81 173 22 3 0 20 90 86 152 233 223 263 366 372 381 393 207 87 11 31 50 120 30 111 199 335 348 365 238 112 78 158 187 218 140 247 317 191 184 178 182 178 35 53 338 294 251 209 177 234 226 376 344 317 178 38 -2147483647 -2147483647 -2147483647
363 242 287 101 146 229 338 242 86 123 105 124 252 316 319 206 22 347 164 48 253 40 42 38 42 95 152 132 244 383 361 274 312 382 229 51 9 5 8 50 0 11 34 76 77 289 396 364 84 20 147 66 26 58 23 115 98 38 45 95 99 260 234 308 318 302 363 152 102 148 198 209 123 -2147483647 -2147483647 -2147483647 -2147483647 -2147483647 -2147483647
287 104 122 87 121 51 113 279 155 309 334 261 185 324 142 177 272 341 234 39 222 149 66 89 128 166 47 74 213 202 180 157 93 15 10 42 62 47 21 12 1 102 67 210 288 330 353 251 232 144 81 92 200 173 176 112 29 16 13 22 137 151 296 311 244 250 301 310 168 111 88 211 149 125 13 4 -2147483647 -2147483647 -2147483647
349 118 97 34 73 106 147 263 255 393 385 367 372 246 244 387 375 242 97 140 183 79 86 181 268 241 324 195 78 32 5 3 0 10 115 208 18 0 14 11 47 44 31 37 143 82 254 160 47 33 74 134 107 198 182 56 6 37 7 23 42 225 370 302 386 375 286 282 236 117 219 266 114 80 54 0 0 -2147483647 -2147483647
303 387 207 47 54 136 76 314 356 325 367 399 391 244 393 395 172 69 89 183 194 214 185 376 371 211 114 2 9 0 0 0 27 175 168 94 44 8 32 53 29 99 206 118 109 62 133 67 47 59 123 82 189 230 208 4 10 43 85 87 69 267 392 388 396 361 271 287 122 62 321 186 96 91 68 16 -2147483647 -2147483647 -2147483647
255 306 181 84 124 105 273 291 337 371 341 363 386 226 215 269 92 63 71 93 93 133 243 219 189 77 0 0 1 0 10 25 15 47 5 162 196 34 2 0 26 223 157 27 14 13 5 5 152 202 13 27 71 43 9 9 24 33 149 249 207 190 294 299 398 393 344 178 52 22 107 -2147483647 49 50 46 -2147483647 -2147483647 -2147483647 -2147483647
330 304 111 83 110 151 323 375 394 390 302 362 376 300 346 208 86 22 98 25 69 87 194 167 14 0 0 23 15 0 62 7 4 0 51 52 47 0 4 0 13 15 27 2 0 4 3 40 180 206 48 7 4 0 0 0 2 0 32 272 379 391 349 231 342 215 142 144 41 25 152 9 -2147483647 -2147483647 -2147483647 -2147483647 -2147483647 -2147483647 -2147483647
271 126 131 114 316 190 359 372 306 380 377 382 389 337 107 27 62 100 14 11 23 181 158 11 0 4 12 43 59 3 56 3 0 0 7 1 7 0 4 17 4 0 2 1 4 4 1 159 280 142 52 4 3 0 0 2 12 0 42 220 351 373 395 304 307 91 99 77 23 10 63 -2147483647 -2147483647 -2147483647 -2147483647 -2147483647 -2147483647 -2147483647 -2147483647
61 42 28 216 375 319 398 398 346 399 398 399 287 18 37 77 120 239 24 45 65 94 103 0 5 29 81 97 35 1 31 2 0 0 4 1 0 8 12 0 1 0 0 5 15 0 8 199 276 14 5 4 2 3 23 169 71 25 7 32 147 252 172 53 213 147 13 56 0 6 19 145 75 -2147483647 -2147483647 -2147483647 -2147483647 -2147483647 -2147483647
75 82 98 170 225 306 325 284 309 384 309 118 241 94 163 184 283 238 105 94 60 6 22 0 4 0 5 12 4 16 7 0 1 5 8 6 4 9 3 0 0 1 1 18 0 3 2 32 29 22 2 8 50 164 158 270 183 50 16 6 17 26 66 37 34 10 28 21 5 4 8 61 -2147483647 -2147483647 -2147483647 -2147483647 -2147483647 -2147483647 -2147483647
166 92 67 18 115 304 386 355 300 166 219 90 181 140 145 354 361 142 153 72 37 99 42 8 29 7 8 25 62 26 33 7 57 75 14 20 4 1 7 1 0 0 0 0 0 3 4 3 1 3 3 0 36 202 237 315 195 113 84 34 15 4 14 37 1 0 1 2 -2147483647 -2147483647 -2147483647 -2147483647 -2147483647 -2147483647 -2147483647 -2147483647 -2147483647 -2147483647 -2147483647
67 76 75 95 184 199 176 229 364 277 239 268 228 109 349 376 184 51 31 26 32 81 33 51 10 3 12 17 28 13 41 98 145 20 44 2 4 0 0 3 9 0 0 0 0 0 0 0 0 9 74 174 16 9 175 245 240 152 230 32 14 13 1 3 0 6 -2147483647 -2147483647 -2147483647 -2147483647 -2147483647 -2147483647 -2147483647 -2147483647 -2147483647 -2147483647 -2147483647 -2147483647 -2147483647
43 25 18 105 135 107 80 55 338 286 360 398 328 310 314 189 150 69 31 4 6 9 7 1 2 4 17 13 14 20 23 54 125 71 8 4 6 3 0 0 67 2 0 0 0 1 4 1 11 184 308 221 27 2 142 234 122 227 170 11 0 0 0 2 -2147483647 -2147483647 -2147483647 -2147483647 -2147483647 -2147483647 -2147483647 -2147483647 -2147483647 -2147483647 -2147483647 -2147483647 -2147483647 -2147483647 -2147483647
22 24 17 15 32 12 35 116 251 132 202 208 290 182 51 32 76 86 17 10 18 100 14 13 0 8 13 10 3 27 32 14 10 2 2 1 0 4 0 0 25 11 0 2 4 1 1 6 105 290 201 68 8 13 50 87 120 101 12 9 0 0 1 0 -2147483647 -2147483647 -2147483647 -2147483647 -2147483647 -2147483647 -2147483647 -2147483647 -2147483647 -2147483647 -2147483647 -2147483647 -2147483647 -2147483647 -2147483647
27 32 3 41 16 16 35 31 74 28 9 25 65 46 35 0 6 24 1 10 6 5 6 1 0 0 6 1 4 22 6 0 1 0 0 0 0 0 0 0 16 43 18 22 16 4 7 9 5 97 116 182 139 82 13 41 40 3 0 0 0 1 2 -2147483647 -2147483647 -2147483647 -2147483647 -2147483647 -2147483647 -2147483647 -2147483647 -2147483647 -2147483647 -2147483647 -2147483647 -2147483647 -2147483647 -2147483647 -2147483647
93 37 13 39 34 6 0 2 2 3 1 3 12 8 2 38 19 8 2 3 4 5 2 14 0 0 4 1 2 64 8 0 3 1 1 3 0 0 0 9 29 7 17 34 10 3 21 17 68 158 32 42 74 126 54 3 0 12 -2147483647 -2147483647 -2147483647 -2147483647 -2147483647 -2147483647 -2147483647 -2147483647 -2147483647 -2147483647 -2147483647 -2147483647 -2147483647 -2147483647 -2147483647 -2147483647 -2147483647 -2147483647 -2147483647 -2147483647 -2147483647
6 3 1 7 7 6 1 1 0 2 0 2 4 7 55 12 18 9 46 58 7 2 1 20 3 8 0 1 5 9 6 5 0 0 0 0 0 0 1 0 4 14 7 13 6 4 161 181 79 70 6 24 35 16 0 0 0 -2147483647 -2147483647 -2147483647 -2147483647 -2147483647 -2147483647 -2147483647 -2147483647 -2147483647 -2147483647 -2147483647 -2147483647 -2147483647 -2147483647 -2147483647 -2147483647 -2147483647 -2147483647 -2147483647 -2147483647 -2147483647 -2147483647
17 2 0 8 2 7 0 0 2 3 1 2 31 1 13 5 40 0 45 70 22 0 5 4 1 11 13 1 3 5 2 0 0 0 0 1 2 0 2 9 7 0 18 52 72 55 145 233 107 7 11 6 0 0 0 0 -2147483647 -2147483647 -2147483647 -2147483647 -2147483647 -2147483647 -2147483647 -2147483647 -2147483647 -2147483647 -2147483647 -2147483647 -2147483647 -2147483647 -2147483647 -2147483647 -2147483647 -2147483647 -2147483647 -2147483647 -2147483647 -2147483647 -2147483647
239 1 1 0 0 12 0 0 1 1 31 4 12 23 6 26 16 0 4 8 0 2 0 5 4 0 0 1 2 0 0 0 0 0 0 8 80 27 7 4 0 0 6 37 18 0 30 90 7 0 0 1 0 0 0 0 -2147483647 -2147483647 -2147483647 -2147483647 -2147483647 -2147483647 -2147483647 -2147483647 -2147483647 -2147483647 -2147483647 -2147483647 -2147483647 -2147483647 -2147483647 -2147483647 -2147483647 -2147483647 -2147483647 -2147483647 -2147483647 -2147483647 -2147483647
219 81 1 2 1 3 0 0 0 8 17 1 3 13 1 0 0 0 0 0 0 4 0 0 4 0 5 0 0 0 0 0 0 0 0 11 63 85 177 43 120 53 6 90 25 24 0 19 0 0 4 0 0 0 0 -2147483647 -2147483647 -2147483647 -2147483647 -2147483647 -2147483647 -2147483647 -2147483647 -2147483647 -2147483647 -2147483647 -2147483647 -2147483647 -2147483647 -2147483647 -2147483647 -2147483647 -2147483647 -2147483647 -2147483647 -2147483647 -2147483647 -2147483647 -2147483647
8 26 4 0 1 4 0 0 0 0 21 4 0 0 0 0 0 0 0 2 5 0 3 0 0 1 21 0 0 0 0 5 8 4 19 18 104 132 221 43 70 134 5 51 11 0 0 0 0 0 6 5 0 -2147483647 -2147483647 -2147483647 -2147483647 -2147483647 -2147483647 -2147483647 -2147483647 -2147483647 -2147483647 -2147483647 -2147483647 -2147483647 -2147483647 -2147483647 -2147483647 -2147483647 -2147483647 -2147483647 -2147483647 -2147483647 -2147483647 -2147483647 -2147483647 -2147483647 -2147483647
1 51 0 23 0 4 0 0 0 0 5 16 0 1 0 0 0 3 0 1 0 0 0 0 0 0 1 5 30 7 5 1 0 5 6 7 14 6 137 96 113 48 10 71 18 1 1 0 0 0 0 1 -2147483647 -2147483647 -2147483647 -2147483647 -2147483647 -2147483647 -2147483647 -2147483647 -2147483647 -2147483647 -2147483647 -2147483647 -2147483647 -2147483647 -2147483647 -2147483647 -2147483647 -2147483647 -2147483647 -2147483647 -2147483647 -2147483647 -2147483647 -2147483647 -2147483647 -2147483647 -2147483647
0 3 0 4 65 132 91 2 0 0 0 2 59 7 0 2 9 7 2 1 1 0 0 0 4 15 46 122 205 12 34 72 27 5 14 1 5 29 136 209 148 151 30 0 0 0 1 0 0 0 -2147483647 -2147483647 -2147483647 -2147483647 -2147483647 -2147483647 -2147483647 -2147483647 -2147483647 -2147483647 -2147483647 -2147483647 -2147483647 -2147483647 -2147483647 -2147483647 -2147483647 -2147483647 -2147483647 -2147483647 -2147483647 -2147483647 -2147483647 -2147483647 -2147483647 -2147483647 -2147483647 -2147483647 -2147483647
0 0 0 0 62 200 61 67 3 4 20 45 18 13 21 71 0 1 3 0 0 3 0 0 9 0 93 166 102 29 115 149 61 16 0 0 13 18 159 244 235 125 5 0 0 0 0 5 -2147483647 -2147483647 -2147483647 -2147483647 -2147483647 -2147483647 -2147483647 -2147483647 -2147483647 -2147483647 -2147483647 -2147483647 -2147483647 -2147483647 -2147483647 -2147483647 -2147483647 -2147483647 -2147483647 -2147483647 -2147483647 -2147483647 -2147483647 -2147483647 -2147483647 -2147483647 -2147483647 -2147483647 -2147483647 -2147483647 -2147483647
0 0 0 0 4 3 7 4 6 12 38 56 98 103 93 31 23 0 0 0 3 0 0 3 1 6 69 291 334 246 218 44 19 13 2 5 13 26 145 191 155 20 8 0 0 1 0 -2147483647 -2147483647 -2147483647 -2147483647 -2147483647 -2147483647 -2147483647 -2147483647 -2147483647 -2147483647 -2147483647 -2147483647 -2147483647 -2147483647 -2147483647 -2147483647 -2147483647 -2147483647 -2147483647 -2147483647 -2147483647 -2147483647 -2147483647 -2147483647 -2147483647 -2147483647 -2147483647 -2147483647 -2147483647 -2147483647 -2147483647 -2147483647
0 0 0 0 0 0 0 0 0 2 0 26 21 11 0 1 1 3 0 0 31 1 8 86 67 90 149 258 320 250 121 5 43 2 8 17 21 40 50 149 7 0 0 11 11 2 -2147483647 -2147483647 -2147483647 -2147483647 -2147483647 -2147483647 -2147483647 -2147483647 -2147483647 -2147483647 -2147483647 -2147483647 -2147483647 -2147483647 -2147483647 -2147483647 -2147483647 -2147483647 -2147483647 -2147483647 -2147483647 -2147483647 -2147483647 -2147483647 -2147483647 -2147483647 -2147483647 -2147483647 -2147483647 -2147483647 -2147483647 -2147483647 -2147483647
0 0 0 0 0 0 0 0 0 1 0 6 2 0 2 0 7 11 0 2 14 1 11 175 163 206 293 227 354 353 259 43 44 11 24 48 31 18 17 84 3 0 0 1 0 -2147483647 -2147483647 -2147483647 -2147483647 -2147483647 -2147483647 -2147483647 -2147483647 -2147483647 -2147483647 -2147483647 -2147483647 -2147483647 -2147483647 -2147483647 -2147483647 -2147483647 -2147483647 -2147483647 -2147483647 -2147483647 -2147483647 -2147483647 -2147483647 -2147483647 -2147483647 -2147483647 -2147483647 -2147483647 -2147483647 -2147483647 -2147483647 -2147483647 -2147483647
0 0 0 0 0 0 0 0 0 3 0 1 27 14 51 28 43 41 39 6 41 2 84 241 289 204 243 157 240 358 288 189 81 136 133 182 175 17 9 9 0 0 1 0 -2147483647 -2147483647 -2147483647 -2147483647 -2147483647 -2147483647 -2147483647 -2147483647 -2147483647 -2147483647 -2147483647 -2147483647 -2147483647 -2147483647 -2147483647 -2147483647 -2147483647 -2147483647 -2147483647 -2147483647 -2147483647 -2147483647 -2147483647 -2147483647 -2147483647 -2147483647 -2147483647 -2147483647 -2147483647 -2147483647 -2147483647 -2147483647 -2147483647 -2147483647 -2147483647
