Landscape_phylogeographic_analyses/Environmental_files/WNV_rasters/Land_cover_forests_WNV_16.asc
NCOLS 390 
NROWS 216 
XLLCORNER -128.0000208 
YLLCORNER 18.9999684 
CELLSIZE 0.1666666 
NODATA_value -2147483647 
[rows 0 to 35 of 216, columns 160 to 239 of 390]
289 307 257 335 357 242 326 344 244 362 399 392 273 382 280 221 259 369 145 182 242 227 288 274 191 141 156 170 226 265 162 140 230 206 130 100 177 255 166 74 100 57 112 85 211 274 199 178 122 171 211 284 303 285 268 276 292 138 209 245 163 111 193 193 131 56 79 33 9 19 5 32 18 16 3 0 6 0 0 0
345 282 337 301 336 320 236 349 171 248 391 390 394 395 253 341 388 388 362 313 284 179 108 110 174 156 156 317 248 327 366 371 258 172 201 132 310 347 196 244 173 43 1 9 11 77 212 92 37 53 149 157 174 201 217 284 175 104 155 193 173 105 129 107 115 213 118 164 67 82 19 17 20 6 4 2 5 0 0 3
190 184 352 333 245 182 203 282 295 300 287 287 389 388 317 307 396 328 298 190 108 144 179 338 379 362 226 196 239 263 381 360 318 311 340 209 245 266 274 269 210 84 56 120 234 343 293 246 197 216 315 114 15 64 43 222 117 96 161 222 235 249 298 303 248 156 127 178 146 98 56 46 57 35 0 4 2 0 1 0
303 308 339 361 329 311 317 337 330 302 215 232 385 368 394 364 324 343 234 134 267 395 369 360 329 390 377 339 299 284 306 332 331 365 305 274 343 317 217 241 256 260 263 218 186 193 216 147 287 191 318 186 39 65 268 281 208 142 124 81 146 210 284 269 216 169 183 253 170 115 91 56 33 15 19 12 12 16 16 23
372 334 103 89 279 308 242 224 313 368 279 342 253 359 364 292 95 77 77 93 140 291 363 375 373 237 179 91 138 294 287 286 230 150 243 242 323 208 148 281 278 314 277 253 268 252 298 320 320 184 206 348 237 268 253 173 208 180 102 107 32 65 104 48 85 151 222 162 95 243 188 117 66 97 51 17 9 5 8 4
320 52 122 125 28 97 52 167 119 263 333 326 377 318 393 273 340 114 110 147 224 234 360 337 326 374 325 281 187 325 290 274 214 279 209 195 265 361 366 310 330 383 283 228 265 216 203 245 249 261 207 259 239 239 187 220 267 169 56 46 102 57 51 34 32 64 137 186 236 197 254 244 262 165 244 125 74 90 41 19
284 143 141 104 32 133 92 99 124 151 337 215 315 357 200 106 92 130 120 25 130 255 286 315 348 350 291 281 344 371 182 120 160 317 237 291 302 367 152 68 208 308 192 203 191 281 331 267 165 147 219 321 289 213 274 230 369 227 107 69 22 97 46 19 96 16 75 98 148 179 166 151 216 225 178 227 184 166 127 141
182 223 97 136 146 170 12 38 261 319 242 184 232 270 8 0 0 0 19 107 114 179 254 182 187 330 375 388 367 369 324 303 309 211 269 339 396 353 252 166 132 45 57 93 240 255 254 244 262 272 262 239 319 351 253 150 140 252 240 242 108 240 246 136 115 148 97 18 4 11 57 99 113 162 89 103 89 170 105 65
365 291 211 67 66 41 46 166 304 284 288 315 358 160 0 0 0 0 0 0 0 136 206 335 337 315 354 372 373 333 204 309 370 313 371 322 387 387 385 380 389 357 360 367 384 364 347 381 323 327 299 314 341 384 358 368 358 345 351 372 329 199 160 229 313 195 258 199 130 152 185 209 216 194 197 85 46 9 25 20
362 348 280 93 10 2 16 25 205 312 335 213 249 76 0 0 0 0 0 0 0 0 212 283 319 380 370 330 366 351 379 303 328 391 363 400 353 338 394 399 400 400 386 391 395 394 372 366 360 382 394 344 284 391 348 275 325 238 206 351 330 272 79 108 294 296 236 303 346 233 185 128 207 125 72 88 288 240 71 71
253 198 284 392 298 126 1 4 82 73 73 138 148 13 0 0 0 0 0 0 0 0 27 248 343 275 361 383 360 342 368 298 335 259 317 336 339 397 393 396 380 398 390 396 370 331 187 348 384 391 383 395 331 372 370 371 282 341 340 335 286 270 306 267 337 272 236 247 372 318 235 354 349 264 116 129 165 131 54 110
379 241 114 170 72 105 114 143 166 183 157 142 271 163 83 60 102 28 0 0 0 0 0 129 254 301 271 346 358 265 269 365 279 88 283 391 360 345 347 380 349 377 391 371 392 393 243 176 235 210 187 163 138 288 373 332 210 282 355 331 274 195 241 238 252 307 356 356 262 201 77 174 214 183 164 49 54 104 50 45
177 380 44 20 241 113 54 7 60 159 313 245 353 383 194 20 15 0 0 0 0 0 0 95 397 397 311 303 342 367 362 389 251 344 358 353 313 391 383 398 373 391 381 364 263 334 313 274 353 318 359 361 376 397 349 164 102 103 156 91 234 247 51 61 230 292 312 350 278 277 230 139 93 62 132 92 96 267 153 66
400 372 329 194 347 216 248 165 0 68 367 295 374 376 346 30 0 0 0 0 0 0 0 2 250 353 317 355 280 399 398 400 366 398 369 324 284 365 379 383 335 298 374 389 331 373 354 352 386 380 397 400 399 394 396 400 400 391 391 356 347 362 115 88 53 200 291 395 349 392 375 370 309 382 379 185 103 268 328 141
393 344 220 134 384 325 299 256 29 4 250 245 306 340 326 350 138 0 0 2 8 0 0 0 7 301 289 393 382 391 319 274 347 305 388 344 380 271 302 389 308 310 356 244 279 334 289 311 314 357 291 365 382 385 332 391 372 367 198 265 358 354 375 358 387 277 386 374 373 356 373 382 383 382 395 370 344 301 251 232
396 147 24 68 245 280 216 186 204 85 335 163 219 270 377 299 315 104 0 15 81 0 0 0 7 79 322 396 394 399 400 378 343 390 392 386 372 374 369 362 372 373 384 382 361 390 345 385 370 383 363 399 391 397 362 359 397 379 305 364 385 328 363 339 361 341 379 316 352 376 382 327 376 303 331 371 399 383 371 368
29 0 26 379 399 392 190 1 25 251 253 298 321 340 354 295 294 304 197 13 0 0 0 11 29 79 347 363 392 392 397 400 372 379 395 308 372 373 318 334 363 378 365 395 370 275 382 360 366 400 374 214 222 385 395 390 399 387 385 389 398 293 320 323 384 394 389 352 368 389 375 367 398 393 396 366 389 306 263 317
0 3 159 302 360 380 187 6 15 200 59 242 374 304 400 368 366 340 291 129 0 135 133 64 0 9 249 376 361 385 400 393 399 393 313 233 306 351 346 294 279 342 358 338 388 381 390 374 346 398 394 383 388 373 374 385 377 396 395 397 399 390 383 393 382 396 338 327 395 400 388 389 348 348 387 398 370 318 373 366
173 355 400 400 273 348 126 3 53 65 183 306 332 380 370 375 350 373 325 278 84 274 303 340 104 0 18 322 345 261 363 398 363 378 332 251 379 309 352 333 351 394 382 352 370 396 400 400 400 398 400 376 398 400 387 394 329 394 396 372 370 312 255 272 384 399 398 349 394 390 389 381 368 380 375 393 305 336 295 284
399 400 391 400 184 132 215 98 6 26 35 69 106 205 180 187 109 165 202 278 285 310 356 161 85 24 108 149 385 344 400 399 400 400 382 392 305 390 323 305 252 297 378 339 372 355 380 381 400 388 339 326 394 388 379 342 250 275 347 361 358 362 366 312 368 388 351 392 395 307 357 336 399 398 321 380 272 251 342 252
343 381 399 400 263 80 215 66 11 39 11 26 10 2 8 41 9 168 359 367 371 363 293 312 74 261 245 136 224 333 400 400 396 355 339 388 383 399 397 358 184 246 368 393 345 380 379 335 390 391 365 371 392 379 361 371 228 337 300 334 388 393 384 368 373 376 377 369 399 396 396 396 382 396 394 318 246 311 389 318
91 375 400 397 222 4 7 0 10 97 21 158 75 5 23 0 15 268 335 315 335 288 129 208 251 293 227 17 63 317 393 395 400 400 395 399 400 385 344 341 383 365 382 361 376 377 253 327 397 389 390 361 295 176 224 356 226 308 350 346 367 303 349 358 380 355 297 365 400 399 400 400 387 395 366 358 393 316 346 365
13 72 174 101 3 0 0 0 1 0 5 5 52 3 0 0 1 3 122 256 285 32 38 167 352 227 91 203 112 160 346 397 400 400 391 371 378 370 356 340 340 356 371 372 320 321 338 150 75 297 365 277 323 313 284 358 294 310 336 340 317 373 363 316 309 352 287 289 372 400 358 400 399 338 306 376 285 355 319 279
0 21 8 4 31 15 1 62 42 0 2 4 20 1 3 4 3 6 15 125 203 13 0 18 110 51 41 187 10 132 295 374 374 394 398 390 363 338 348 344 399 368 319 277 246 250 343 337 174 334 352 259 303 322 341 302 400 392 293 297 295 323 274 153 143 153 202 306 373 389 394 391 400 386 380 356 389 353 315 351
0 71 251 298 280 377 357 400 385 189 12 1 147 31 14 0 12 1 0 30 58 38 0 5 19 0 0 0 0 72 370 400 400 392 299 396 395 395 354 325 390 367 359 320 383 338 298 384 381 360 377 372 348 394 375 390 378 387 392 379 320 201 267 298 261 304 197 322 378 376 394 328 371 392 372 309 339 351 355 336
0 0 0 9 120 110 214 278 377 370 203 0 6 6 1 0 0 1 2 0 5 21 75 33 7 78 4 0 33 52 355 399 400 400 397 390 348 388 347 388 391 336 348 298 374 395 313 249 354 347 333 396 380 400 399 385 400 355 365 390 323 293 302 282 345 360 354 359 368 370 352 321 269 199 398 382 341 315 187 295
0 0 0 0 0 0 0 11 81 315 269 0 0 0 0 0 0 0 0 0 0 4 30 12 3 6 0 0 186 312 297 315 399 397 399 393 394 366 362 393 387 322 381 374 337 361 339 356 390 204 284 301 378 355 345 317 295 316 393 377 336 262 350 372 378 251 337 349 335 215 289 234 342 341 348 356 392 348 338 344
0 0 0 0 0 0 0 0 0 0 7 0 0 0 14 3 0 0 0 0 0 4 5 2 0 0 0 0 126 152 224 199 255 334 398 366 369 395 358 331 344 385 383 364 290 342 361 265 249 339 137 136 268 307 336 218 86 278 375 374 381 358 296 367 283 196 296 373 326 334 307 303 275 179 326 386 371 395 386 375
0 0 0 0 0 0 0 0 0 0 0 0 0 0 2 0 0 0 0 0 0 0 2 0 0 0 3 2 127 0 226 168 259 367 365 315 313 295 277 295 371 244 270 256 343 384 386 346 345 303 306 263 158 134 211 271 111 222 366 355 362 382 393 383 299 268 210 326 370 391 336 309 344 346 389 241 142 219 214 393
0 0 0 0 0 0 0 0 0 0 0 0 0 0 0 0 0 0 0 0 0 0 0 0 0 0 20 0 1 33 359 206 203 365 277 252 286 375 339 295 287 392 367 272 358 325 325 317 364 348 346 383 368 379 209 245 209 341 333 366 337 397 390 224 201 160 152 254 335 344 389 398 340 351 270 11 61 39 71 333
0 0 0 0 0 0 0 0 0 0 26 24 0 0 0 0 0 0 0 0 0 0 0 0 0 0 0 0 30 98 363 357 139 377 345 393 384 378 367 363 314 354 363 375 336 355 332 357 364 359 365 369 322 351 339 289 328 329 389 367 319 237 242 346 345 278 260 373 388 371 399 364 375 351 178 43 72 9 6 129
0 0 0 2 0 0 0 0 0 0 2 56 74 102 6 0 0 0 0 0 0 0 0 0 0 0 0 0 20 79 360 363 149 337 388 390 323 380 371 260 226 218 342 352 339 299 286 269 216 182 307 188 280 347 381 338 324 313 321 330 374 364 244 255 365 272 308 356 263 306 392 390 364 237 121 2 14 12 5 106
0 0 0 0 3 0 0 0 0 0 0 0 0 17 0 0 0 0 0 0 0 0 0 0 0 0 0 0 0 94 374 396 366 374 359 375 309 121 228 201 43 42 328 378 277 276 381 389 337 297 363 380 288 377 364 392 288 265 295 314 331 395 375 373 379 358 340 285 378 361 382 388 323 242 185 86 34 68 0 86
0 0 0 0 0 0 0 0 0 0 0 0 0 0 0 0 0 0 0 0 0 0 0 0 0 0 0 0 4 102 330 341 234 351 384 337 400 276 152 125 301 356 209 189 257 322 286 365 387 399 376 263 369 358 312 374 342 312 351 355 388 398 374 390 350 378 282 372 360 389 399 387 395 379 284 121 212 159 248 314
0 0 0 0 0 0 0 0 0 0 0 0 0 0 0 0 0 1 0 0 0 0 0 0 0 0 0 13 5 109 322 290 375 239 338 395 367 365 121 25 148 219 236 244 236 273 327 300 351 339 268 373 359 369 360 333 347 338 397 394 370 350 392 390 395 397 382 371 397 387 351 392 384 394 340 243 170 392 389 384
0 0 0 0 0 1 42 19 7 0 0 0 0 0 0 0 0 0 0 0 0 0 0 0 0 0 0 0 0 47 82 277 279 309 212 331 82 0 0 58 158 22 249 298 347 365 319 314 361 369 369 341 394 359 305 321 221 275 321 381 391 381 396 384 378 384 388 312 390 398 386 394 376 399 385 378 345 398 370 390
