Landscape_phylogeographic_analyses/Environmental_files/WNV_rasters/Land_cover_forests_WNV_16.asc
NCOLS 390 
NROWS 216 
XLLCORNER -128.0000208 
YLLCORNER 18.9999684 
CELLSIZE 0.1666666 
NODATA_value -2147483647 
[rows 0 to 35 of 216, columns 240 to 319 of 390]
3 7 1 2 0 0 7 12 3 0 0 0 0 0 0 10 0 0 0 2 0 0 0 0 0 0 11 0 1 0 0 2 0 1 -2147483647 -2147483647 -2147483647 -2147483647 -2147483647 -2147483647 -2147483647 -2147483647 -2147483647 -2147483647 -2147483647 -2147483647 -2147483647 -2147483647 -2147483647 -2147483647 -2147483647 -2147483647 -2147483647 -2147483647 -2147483647 2 29 11 5 3 1 0 0 3 2 0 7 9 2 0 0 3 0 0 1 2 6 0 2 2
0 3 2 2 6 2 6 2 1 2 2 0 8 13 0 5 2 2 0 5 14 1 5 15 0 0 1 0 0 0 0 0 0 0 0 -2147483647 -2147483647 -2147483647 -2147483647 -2147483647 -2147483647 -2147483647 -2147483647 -2147483647 -2147483647 -2147483647 -2147483647 -2147483647 -2147483647 -2147483647 -2147483647 0 2 6 6 0 3 4 3 3 0 0 3 2 0 2 0 0 11 6 5 0 1 0 0 8 12 12 2 0
1 0 6 0 10 0 5 0 1 1 0 0 0 0 0 5 0 3 2 0 10 7 6 2 0 0 1 1 1 2 1 1 0 0 -2147483647 -2147483647 -2147483647 -2147483647 -2147483647 -2147483647 -2147483647 -2147483647 -2147483647 -2147483647 -2147483647 -2147483647 -2147483647 -2147483647 -2147483647 -2147483647 -2147483647 11 42 18 5 4 1 1 3 11 0 10 2 3 0 1 0 1 0 3 28 7 0 0 2 9 17 1 0 0
2 7 13 1 7 9 2 0 2 2 3 1 1 2 5 0 2 12 4 13 1 5 4 0 0 7 0 0 31 12 1 4 1 0 -2147483647 -2147483647 -2147483647 -2147483647 -2147483647 -2147483647 -2147483647 -2147483647 -2147483647 -2147483647 -2147483647 -2147483647 -2147483647 -2147483647 -2147483647 -2147483647 -2147483647 41 28 36 2 4 1 0 12 13 10 1 8 14 0 22 6 4 2 6 17 21 1 0 0 0 0 2 0 0
1 0 12 3 26 3 1 2 9 0 3 0 3 3 1 9 7 12 1 4 0 8 0 4 13 2 0 0 3 3 4 0 8 -2147483647 -2147483647 -2147483647 -2147483647 -2147483647 -2147483647 -2147483647 -2147483647 -2147483647 -2147483647 -2147483647 -2147483647 -2147483647 -2147483647 -2147483647 -2147483647 -2147483647 -2147483647 -2147483647 20 11 3 1 0 0 0 0 1 2 2 10 6 13 16 21 15 16 16 8 3 2 6 19 7 0 1 0
5 0 4 8 1 4 0 3 2 2 0 1 1 24 5 2 3 8 3 17 1 1 9 29 10 0 0 7 5 14 1 3 4 7 -2147483647 -2147483647 -2147483647 -2147483647 -2147483647 -2147483647 -2147483647 -2147483647 -2147483647 -2147483647 -2147483647 -2147483647 -2147483647 -2147483647 -2147483647 -2147483647 -2147483647 -2147483647 -2147483647 -2147483647 2 8 0 0 0 0 7 22 4 18 6 4 9 21 33 26 15 3 10 7 7 9 0 1 1 3
40 6 2 6 6 11 4 2 5 9 0 0 8 19 5 1 9 6 2 5 10 0 10 6 3 2 3 10 31 17 0 3 3 0 0 -2147483647 -2147483647 -2147483647 -2147483647 -2147483647 -2147483647 -2147483647 -2147483647 -2147483647 -2147483647 -2147483647 -2147483647 -2147483647 -2147483647 -2147483647 -2147483647 -2147483647 -2147483647 -2147483647 2 5 0 0 0 0 0 0 5 3 0 6 13 2 4 14 17 2 3 15 18 8 8 12 7 12
43 45 23 3 17 14 16 2 1 0 0 0 1 4 0 0 13 4 32 10 38 7 12 3 0 0 3 12 0 0 1 3 0 24 7 -2147483647 -2147483647 -2147483647 -2147483647 -2147483647 -2147483647 -2147483647 -2147483647 -2147483647 -2147483647 -2147483647 -2147483647 -2147483647 -2147483647 -2147483647 -2147483647 -2147483647 -2147483647 -2147483647 21 5 10 4 18 3 13 32 21 3 8 10 4 2 6 25 18 2 9 26 5 6 5 13 3 1
35 74 123 80 41 13 0 3 5 0 1 0 1 3 1 0 7 3 13 18 13 30 42 11 4 4 0 3 1 1 1 2 6 20 37 -2147483647 -2147483647 -2147483647 -2147483647 -2147483647 -2147483647 -2147483647 -2147483647 -2147483647 -2147483647 -2147483647 -2147483647 -2147483647 -2147483647 -2147483647 -2147483647 -2147483647 -2147483647 -2147483647 7 18 3 6 1 11 3 5 23 8 14 10 15 5 7 14 1 20 6 5 8 15 7 13 18 49
90 73 58 42 35 20 4 0 0 0 1 1 0 4 0 4 3 3 17 6 40 68 21 3 0 0 7 1 1 8 1 9 1 13 12 -2147483647 -2147483647 -2147483647 -2147483647 -2147483647 -2147483647 -2147483647 -2147483647 -2147483647 -2147483647 -2147483647 -2147483647 -2147483647 -2147483647 -2147483647 -2147483647 -2147483647 -2147483647 -2147483647 17 29 17 42 7 13 5 1 14 10 3 28 42 43 11 29 7 5 6 1 2 8 1 8 1 4
61 74 27 18 133 89 70 7 0 0 7 4 0 3 3 5 2 3 3 8 16 8 14 5 3 0 1 9 3 0 0 0 0 2 4 -2147483647 -2147483647 -2147483647 -2147483647 -2147483647 -2147483647 -2147483647 -2147483647 -2147483647 -2147483647 -2147483647 -2147483647 -2147483647 -2147483647 -2147483647 -2147483647 -2147483647 -2147483647 -2147483647 16 14 6 0 0 4 2 2 1 2 7 61 49 18 46 32 13 4 5 7 7 12 5 0 5 7
48 33 35 46 118 193 126 71 0 0 19 1 0 3 3 9 0 12 16 35 18 4 12 8 19 9 4 19 19 17 14 2 16 21 -2147483647 -2147483647 1 1 2 0 0 3 -2147483647 -2147483647 -2147483647 -2147483647 -2147483647 -2147483647 -2147483647 -2147483647 -2147483647 -2147483647 -2147483647 -2147483647 40 59 83 45 20 0 0 0 0 0 0 4 16 7 37 23 28 12 0 6 7 16 11 17 13 17
73 52 65 20 21 35 35 82 47 0 21 0 3 7 6 4 6 0 5 17 41 9 7 8 2 5 4 0 25 25 43 46 28 38 24 -2147483647 -2147483647 -2147483647 7 10 6 2 0 -2147483647 -2147483647 -2147483647 -2147483647 -2147483647 -2147483647 -2147483647 -2147483647 -2147483647 -2147483647 -2147483647 -2147483647 16 49 19 0 0 0 0 9 3 2 25 62 30 38 68 34 20 5 6 8 13 3 16 4 5
54 104 114 102 83 141 138 145 97 104 60 10 2 0 1 8 8 9 2 5 3 16 21 7 2 1 3 2 23 18 22 27 50 25 32 41 -2147483647 -2147483647 -2147483647 -2147483647 -2147483647 -2147483647 1 2 -2147483647 -2147483647 -2147483647 -2147483647 -2147483647 -2147483647 -2147483647 -2147483647 -2147483647 -2147483647 -2147483647 41 72 45 42 25 2 1 22 23 10 15 4 13 48 32 31 10 11 5 1 4 6 3 18 18
121 71 203 99 104 165 155 103 32 88 40 38 11 2 0 2 17 6 42 35 1 0 8 5 16 6 7 3 9 0 4 22 23 36 8 6 36 -2147483647 -2147483647 -2147483647 -2147483647 -2147483647 -2147483647 -2147483647 -2147483647 -2147483647 -2147483647 -2147483647 -2147483647 -2147483647 -2147483647 -2147483647 -2147483647 -2147483647 -2147483647 -2147483647 61 91 82 63 78 15 45 32 29 17 9 21 34 34 19 19 9 27 49 33 18 6 47 28
270 269 240 97 91 243 255 148 51 48 56 70 18 4 7 1 5 40 19 86 17 7 9 2 3 12 2 1 3 6 2 3 1 0 0 2 5 6 0 -2147483647 -2147483647 -2147483647 -2147483647 -2147483647 -2147483647 -2147483647 -2147483647 -2147483647 -2147483647 -2147483647 -2147483647 -2147483647 -2147483647 -2147483647 -2147483647 -2147483647 -2147483647 111 135 91 216 147 81 27 72 122 51 44 31 16 16 12 0 2 10 72 59 43 45 41
103 171 116 106 209 342 279 227 129 53 104 42 17 4 16 16 5 8 18 43 10 0 6 11 2 10 7 5 2 1 0 3 0 0 1 0 21 12 27 -2147483647 -2147483647 -2147483647 -2147483647 -2147483647 -2147483647 -2147483647 -2147483647 -2147483647 -2147483647 -2147483647 -2147483647 -2147483647 -2147483647 -2147483647 -2147483647 -2147483647 -2147483647 47 78 163 193 163 111 65 75 31 12 30 24 30 18 47 12 47 41 47 72 92 75 37
328 332 305 320 306 359 400 384 333 184 76 76 79 28 23 9 33 10 5 2 1 15 43 19 25 3 22 2 3 1 2 0 2 5 4 1 2 1 15 8 -2147483647 -2147483647 -2147483647 -2147483647 -2147483647 -2147483647 -2147483647 -2147483647 -2147483647 -2147483647 -2147483647 -2147483647 -2147483647 -2147483647 -2147483647 -2147483647 15 48 65 127 103 54 47 186 96 25 56 61 72 159 114 20 14 39 9 19 23 25 37 68
344 381 400 389 396 392 374 385 231 276 142 126 112 52 16 8 2 32 2 4 16 11 39 21 35 35 21 6 0 4 6 4 1 10 0 1 1 0 0 0 1 2 0 -2147483647 -2147483647 -2147483647 -2147483647 -2147483647 -2147483647 -2147483647 -2147483647 -2147483647 -2147483647 -2147483647 -2147483647 15 52 48 65 106 110 38 110 67 64 89 114 99 71 133 30 44 58 36 42 37 52 49 44 38
365 280 317 370 396 393 352 375 378 385 255 317 230 177 27 52 36 104 26 10 11 12 11 12 29 58 14 5 12 7 2 14 17 6 0 6 1 12 1 0 1 1 1 10 -2147483647 -2147483647 -2147483647 -2147483647 -2147483647 -2147483647 -2147483647 -2147483647 -2147483647 -2147483647 28 86 145 91 60 171 136 121 74 115 62 202 156 88 48 37 0 1 3 29 21 49 88 27 56 60
283 286 352 337 371 398 397 395 364 280 258 344 220 124 33 55 72 88 53 87 45 28 15 3 5 45 14 14 14 16 26 18 13 4 2 6 3 1 5 4 0 11 3 3 4 -2147483647 -2147483647 -2147483647 -2147483647 -2147483647 -2147483647 11 -2147483647 -2147483647 -2147483647 71 87 67 46 97 131 129 90 70 38 64 9 72 57 20 75 77 67 4 18 72 41 147 56 13
309 315 373 397 372 319 364 390 384 335 291 204 202 231 161 125 155 243 160 115 15 76 14 0 11 37 16 14 16 12 11 17 11 2 2 3 13 30 78 120 57 29 145 242 120 -2147483647 -2147483647 -2147483647 -2147483647 -2147483647 17 28 197 154 -2147483647 28 34 40 30 119 243 115 17 71 27 23 25 31 40 69 43 54 64 115 91 120 33 23 43 18
323 382 364 316 285 372 314 376 389 376 349 274 165 105 118 198 322 324 151 161 132 164 149 83 144 52 44 16 61 31 2 2 3 4 11 26 9 109 129 222 197 241 315 226 149 102 12 16 -2147483647 -2147483647 57 111 63 168 98 95 61 35 122 161 123 169 94 118 87 28 45 121 152 100 108 73 133 79 77 148 43 47 69 29
295 360 377 350 352 389 356 374 376 337 367 336 260 224 265 243 293 270 310 283 304 181 333 200 71 61 81 40 18 29 31 30 38 29 30 23 96 224 330 331 382 352 170 306 233 210 25 28 187 161 112 99 150 203 64 21 17 93 96 116 98 42 99 114 186 156 31 83 161 94 95 89 64 41 121 10 25 62 38 48
190 278 370 399 308 315 357 379 386 396 396 391 349 286 322 279 310 391 279 311 315 159 182 33 42 32 72 98 40 35 17 61 104 14 3 121 286 333 163 359 284 224 315 349 262 161 113 71 268 291 181 37 29 49 20 19 20 30 73 79 54 45 105 35 23 13 2 2 86 62 65 31 73 133 27 57 32 6 73 57
352 314 335 372 307 236 367 387 380 399 400 400 389 330 347 277 327 380 382 390 367 283 104 172 192 290 291 231 171 87 82 72 61 139 138 315 210 184 209 239 248 133 216 184 344 254 276 292 282 227 227 114 76 39 46 86 40 64 59 85 69 60 106 200 121 96 111 203 296 169 142 255 296 190 181 162 88 118 114 37
264 377 326 249 293 344 348 348 384 393 391 394 353 300 372 382 215 240 264 347 348 285 219 263 332 333 337 297 251 135 133 276 250 136 205 245 271 234 288 312 362 331 316 329 245 281 301 264 266 330 294 284 131 125 55 100 54 73 66 28 105 164 196 332 348 269 384 285 111 146 265 316 248 305 253 130 55 185 199 68
342 362 358 326 333 270 318 357 361 327 377 395 400 371 265 170 117 276 379 339 400 385 310 328 331 330 316 323 282 264 333 373 355 277 205 93 229 340 359 377 348 334 360 233 271 224 19 93 195 200 220 281 252 237 272 167 93 12 41 104 145 115 177 258 385 364 346 143 254 292 217 191 191 168 89 160 28 37 31 116
394 390 373 383 388 330 278 330 344 388 379 398 400 398 394 329 347 324 338 353 359 397 379 371 395 395 361 388 400 344 270 349 352 227 123 281 364 382 385 355 333 354 321 278 254 55 29 119 191 91 112 228 145 193 240 252 180 73 108 175 190 128 79 101 353 331 81 151 284 379 329 273 264 317 99 214 72 115 287 302
398 400 376 258 363 337 317 387 363 391 371 396 400 400 400 400 396 392 367 356 382 399 400 400 397 399 386 386 400 400 397 319 358 379 386 393 399 399 373 319 377 390 360 236 262 246 200 186 274 221 300 330 245 286 294 274 350 212 17 57 66 99 268 271 397 321 261 253 362 365 341 337 365 330 233 222 356 303 360 338
370 400 339 343 341 393 398 355 387 394 367 374 344 390 400 400 397 392 392 400 400 400 400 390 394 381 392 400 400 391 392 395 392 392 377 334 398 398 400 395 397 397 384 306 317 244 321 229 289 348 328 297 242 212 323 366 366 271 151 55 183 95 135 199 291 367 320 204 209 395 383 336 339 184 108 125 233 211 126 235
395 400 380 389 385 379 331 391 340 394 384 345 384 390 399 400 400 398 400 398 400 400 396 392 386 376 369 367 400 400 399 376 391 383 395 394 396 400 392 400 395 397 400 384 376 340 321 291 311 393 333 367 300 278 333 325 360 259 270 311 363 342 305 364 277 321 199 120 385 395 395 397 393 379 389 392 342 381 335 226
360 396 398 397 396 399 370 310 392 351 398 398 395 397 400 400 395 388 396 399 396 400 392 396 387 391 398 397 387 399 400 390 398 387 399 399 398 395 368 396 399 395 392 339 388 384 357 383 391 363 236 357 367 296 301 344 394 296 366 378 396 395 400 384 398 387 392 399 301 130 384 374 300 355 341 380 368 343 305 134
372 371 362 391 359 385 318 379 398 377 313 262 396 400 393 400 381 323 370 383 348 400 400 398 400 399 400 400 400 400 400 399 389 357 364 353 400 396 399 397 395 400 400 384 296 398 385 390 395 388 397 395 394 332 367 329 393 399 400 398 391 390 381 391 400 392 396 364 338 306 322 299 244 289 264 113 65 230 85 80
380 379 397 382 399 392 400 355 396 359 278 395 400 398 398 398 399 383 398 397 400 400 390 383 400 400 400 400 397 400 399 388 396 395 400 395 397 397 398 400 389 371 390 397 396 396 400 396 400 374 400 400 400 400 398 397 396 399 400 400 400 391 397 400 396 400 387 392 386 373 385 312 336 308 274 91 92 261 269 293
400 400 400 390 395 380 262 364 362 400 381 397 400 398 399 399 381 323 390 398 397 368 351 400 400 400 398 370 398 352 400 400 365 393 400 400 400 400 400 400 395 325 333 398 398 400 400 397 400 400 397 390 352 369 393 398 400 400 400 400 400 400 400 398 400 395 300 400 385 342 378 321 322 298 234 177 248 355 356 380
