Landscape_phylogeographic_analyses/Environmental_files/WNV_rasters/Land_cover_croplands_WNV_16.asc
NCOLS 390 
NROWS 216 
XLLCORNER -128.0000208 
YLLCORNER 18.9999684 
CELLSIZE 0.1666666 
NODATA_value -2147483647 
[rows 0 to 34 of 216, columns 79 to 157 of 390]
0 0 64 30 13 10 0 39 120 244 161 130 188 141 213 96 60 54 0 0 0 0 0 0 0 0 0 0 0 0 0 4 13 0 0 0 0 0 0 0 0 1 0 0 0 0 0 0 0 1 0 0 0 0 0 0 0 0 0 0 0 0 0 0 0 0 0 0 0 0 0 0 0 0 0 0 0 0 1
0 0 0 52 231 24 0 146 296 344 194 227 252 245 150 290 257 124 44 0 0 0 0 0 0 0 0 0 0 0 0 0 0 0 0 0 0 0 0 0 0 7 0 1 0 0 0 2 0 0 0 0 0 0 0 0 0 0 0 0 0 0 0 0 0 0 0 0 0 0 0 0 0 0 0 0 0 0 0
0 21 0 57 285 209 113 226 319 320 379 348 127 102 133 113 159 222 144 112 28 1 70 160 115 7 22 3 0 0 3 0 0 0 0 13 22 0 10 3 2 0 0 0 4 0 0 2 0 5 0 0 0 0 0 0 0 0 2 1 0 0 0 0 0 0 0 0 0 0 0 0 0 0 0 0 0 0 0
251 87 247 247 391 395 257 305 266 99 177 172 138 90 70 67 128 85 181 174 295 236 143 236 393 374 266 243 151 108 233 203 155 244 129 34 92 140 28 29 0 0 21 0 0 0 0 0 0 0 0 0 0 0 0 0 5 0 0 0 0 0 0 0 0 0 3 0 0 0 0 4 0 0 0 0 0 0 0
234 344 376 400 400 400 400 386 366 385 400 400 381 246 220 230 67 166 337 348 393 397 357 203 346 353 274 275 124 101 210 162 118 203 198 141 152 329 277 187 225 127 20 3 0 0 0 0 0 0 0 0 0 0 0 0 0 0 0 0 0 0 0 0 0 0 0 0 0 0 0 0 0 0 0 0 0 15 2
346 400 398 400 400 395 400 396 380 365 400 400 400 400 390 360 386 390 399 383 388 397 352 347 126 105 98 31 1 43 81 96 85 34 325 395 368 262 297 214 169 11 0 77 36 11 0 2 0 0 0 0 0 0 18 12 0 0 0 0 0 0 0 0 0 0 0 0 0 0 0 31 19 21 12 0 2 0 0
400 372 326 361 390 400 394 400 399 381 395 366 391 381 352 400 390 400 400 390 385 374 392 399 356 330 293 203 58 55 17 6 20 14 344 337 100 0 0 0 37 25 0 9 20 2 148 91 1 0 0 0 0 0 6 35 9 0 0 0 0 1 0 0 1 0 1 0 0 0 14 6 23 18 67 52 0 0 10
263 263 247 394 357 400 400 399 400 395 389 392 397 400 400 400 400 397 400 396 392 396 400 400 400 381 399 368 374 271 173 202 194 187 226 227 83 18 0 0 6 43 63 82 95 0 97 254 200 0 0 0 0 0 7 57 3 1 0 0 0 2 0 9 2 3 4 0 0 1 0 0 10 29 48 6 2 17 39
228 214 296 367 395 385 376 74 104 332 400 385 400 400 400 400 400 400 395 400 400 400 400 400 399 400 400 400 400 375 392 400 398 390 396 286 295 136 133 27 2 80 209 396 292 40 186 389 381 265 172 195 108 142 188 362 188 111 5 27 120 290 276 354 185 283 209 77 114 9 10 31 7 14 10 3 1 21 48
341 350 309 383 388 396 378 274 252 400 350 344 399 391 395 400 400 400 400 389 400 400 400 398 400 397 400 400 400 400 392 397 400 398 400 395 400 386 399 358 296 195 303 280 392 383 383 340 400 367 371 383 394 368 391 397 397 374 249 212 198 337 339 308 369 286 380 390 144 171 175 2 0 7 0 0 0 0 0
312 310 364 373 400 400 400 372 400 400 376 373 400 400 400 400 400 400 400 372 400 400 400 400 400 397 400 400 379 394 400 400 400 400 400 400 400 400 400 400 400 398 344 389 381 384 344 258 390 362 375 290 362 233 316 286 366 346 177 32 90 204 271 313 366 400 400 373 378 289 177 6 0 0 0 0 0 0 0
351 343 380 365 243 345 400 400 398 395 376 396 395 400 398 400 400 400 400 400 400 400 400 400 400 398 400 400 400 400 400 400 400 400 400 394 400 400 243 366 400 400 400 398 341 203 231 355 397 399 389 100 311 400 396 400 400 400 400 382 355 303 394 400 400 400 400 400 258 23 0 0 0 0 6 0 0 4 0
213 262 253 235 373 374 400 393 391 400 400 400 393 400 400 400 400 400 400 400 400 400 400 397 390 400 400 400 400 399 400 400 400 398 400 398 400 400 400 398 393 397 400 400 385 378 376 354 392 400 400 301 233 400 400 400 378 396 379 400 400 400 400 400 400 400 400 299 136 160 60 68 24 94 145 115 256 27 20
27 193 400 399 397 400 400 396 400 387 364 400 400 400 400 400 400 400 400 400 400 394 341 336 394 379 400 400 395 379 254 344 400 400 400 400 400 400 398 384 400 398 395 400 400 359 328 395 400 400 400 371 400 400 400 396 394 399 396 400 397 396 397 392 400 400 359 311 315 395 391 398 126 87 247 282 9 0 0
206 362 400 400 313 324 400 398 400 398 398 335 371 400 400 400 400 400 400 394 399 388 369 385 358 392 373 397 367 378 399 392 388 396 400 400 400 400 400 400 389 399 399 400 400 400 392 400 400 400 400 400 400 394 399 393 388 284 348 304 390 397 400 395 365 371 387 269 205 307 209 214 184 133 33 4 0 0 0
400 391 400 356 349 366 391 400 400 400 385 298 374 400 400 377 343 398 397 400 396 398 362 162 219 362 311 358 379 389 400 392 399 382 373 400 389 387 390 392 400 400 389 396 388 393 400 400 400 400 400 400 372 352 374 397 398 393 340 327 393 400 400 390 400 372 346 334 272 193 41 21 0 1 0 1 0 0 0
390 400 400 400 378 383 330 398 399 397 400 393 392 367 320 288 323 336 256 310 276 359 275 223 167 254 194 313 274 290 400 400 399 369 328 396 392 381 397 372 400 399 395 390 400 400 400 400 383 339 400 392 400 400 390 400 400 375 375 400 400 400 400 400 384 355 389 384 377 102 43 135 111 139 11 32 96 0 19
318 394 398 374 400 394 400 400 397 390 389 386 396 392 302 357 136 126 145 67 16 118 201 109 247 96 95 150 179 331 358 398 375 395 389 399 368 397 368 340 354 383 396 369 398 400 332 389 330 275 390 374 400 400 392 387 400 400 397 400 400 400 379 400 400 400 399 400 400 398 357 379 399 397 394 397 389 220 348
252 381 394 392 397 400 400 400 400 400 380 380 394 400 379 334 284 40 24 0 1 2 2 48 91 19 37 110 168 77 94 349 337 274 278 390 386 384 393 398 397 367 366 385 399 400 399 393 384 399 388 400 385 399 392 400 400 388 400 400 400 393 73 151 156 253 400 344 395 399 400 400 394 396 397 396 400 400 394
256 349 400 400 396 400 400 400 400 400 400 333 397 400 400 394 238 179 24 0 2 23 0 0 1 12 3 22 30 40 11 242 305 368 231 385 390 317 342 385 399 347 400 389 329 370 400 349 301 393 385 400 394 395 398 398 398 400 400 400 396 361 252 334 400 400 399 344 344 378 395 399 400 400 400 400 400 377 234
32 316 399 400 400 400 400 400 400 400 400 336 397 388 395 389 190 6 7 0 1 7 4 0 0 0 0 0 0 1 172 288 193 317 308 271 298 400 331 272 303 390 400 395 400 379 362 389 380 373 400 400 400 400 400 400 400 394 400 400 336 399 399 371 400 400 400 400 400 400 376 383 333 351 400 400 400 400 314
20 247 400 400 400 400 400 400 400 400 400 400 320 263 136 212 113 13 2 0 0 0 8 11 0 4 14 0 0 2 79 91 86 235 349 346 368 283 176 202 230 386 372 314 346 371 335 361 400 400 400 400 400 391 400 400 396 343 400 400 400 400 400 397 400 400 400 399 399 400 400 400 400 380 399 400 400 400 398
151 298 344 393 350 372 400 397 400 400 400 400 400 400 289 32 8 0 0 6 0 0 0 1 0 3 14 10 10 8 22 61 25 174 279 346 361 367 318 229 392 351 293 383 395 399 389 290 333 400 390 326 400 396 394 400 395 228 400 400 400 400 400 304 386 400 398 400 400 399 399 400 400 395 399 400 391 399 391
70 302 373 219 16 246 400 399 393 392 400 400 392 369 359 88 81 2 27 0 0 0 0 3 0 0 0 0 4 18 4 117 45 14 62 95 263 313 96 118 248 192 169 262 338 329 302 350 144 196 271 354 400 400 398 400 396 269 400 400 400 400 400 400 400 400 400 400 400 380 387 400 400 397 370 400 400 396 400
1 5 153 399 183 267 396 395 398 333 331 369 382 391 151 200 98 55 43 43 0 0 37 0 3 0 0 0 0 2 18 14 14 85 143 73 4 2 19 160 294 110 243 269 369 386 394 257 306 115 261 297 300 358 394 396 400 344 332 400 400 400 400 400 400 400 400 400 397 400 400 400 400 400 400 400 400 398 400
0 7 240 393 400 366 400 400 400 398 289 240 198 86 92 246 270 337 319 141 2 45 11 2 0 0 0 0 0 6 91 204 92 61 74 71 231 142 151 190 276 151 115 188 228 99 231 314 250 302 265 251 396 385 399 379 394 375 376 356 400 399 400 400 399 364 369 368 400 400 400 400 400 400 400 400 400 391 400
0 0 195 385 384 388 395 400 389 400 372 324 325 47 11 106 127 233 210 19 0 6 1 0 0 0 0 35 22 22 87 125 47 4 0 61 298 368 306 245 351 349 339 304 336 389 295 327 360 184 215 205 282 380 400 393 377 391 400 400 400 393 400 400 400 400 400 400 400 400 400 400 368 400 380 399 400 397 400
0 13 239 358 340 329 377 400 400 399 397 308 303 218 238 125 204 16 298 85 0 0 0 0 0 0 0 76 117 134 126 78 47 1 0 0 163 256 227 169 291 286 355 395 377 341 310 352 188 84 351 331 315 357 394 358 398 394 400 400 396 264 400 400 400 400 395 400 400 400 400 400 400 400 393 400 397 400 400
0 0 10 188 339 377 295 393 309 366 357 227 200 304 380 238 282 128 279 21 0 0 0 0 0 0 4 99 145 113 98 220 97 1 4 7 47 40 14 74 132 387 374 400 356 350 398 400 340 144 290 398 390 381 394 384 400 400 400 400 400 400 400 400 400 400 400 400 400 400 400 400 400 397 400 399 400 397 400
0 0 0 113 140 235 71 380 325 355 387 386 209 249 294 347 274 123 212 46 4 15 47 56 63 3 22 0 5 0 0 2 2 6 11 57 205 283 338 360 371 390 400 400 366 325 374 385 362 386 379 308 166 15 223 372 394 400 399 368 385 400 400 400 400 400 400 400 400 400 400 400 400 387 400 395 400 400 397
0 0 2 68 130 118 44 290 400 382 376 374 371 307 222 181 207 116 154 104 245 286 88 314 245 43 119 133 81 117 71 7 5 40 155 308 381 373 370 366 329 331 345 377 260 248 347 393 395 396 400 399 398 364 311 368 382 397 383 227 173 297 390 400 400 394 386 400 400 396 400 400 400 336 262 359 400 400 400
0 0 0 117 115 124 118 49 205 236 167 181 288 393 360 317 322 351 268 341 352 197 18 45 72 167 310 329 302 311 204 124 258 374 392 374 391 134 254 325 304 187 96 187 231 311 377 376 369 380 372 393 400 400 319 347 219 318 388 389 240 243 216 281 398 397 397 399 400 400 400 381 396 285 204 302 400 400 400
0 0 1 74 157 132 114 148 211 238 387 203 295 384 379 352 354 287 169 227 230 147 23 7 41 4 133 71 44 96 101 144 157 152 136 52 110 49 193 234 111 167 22 198 211 171 283 213 268 322 320 379 397 378 304 314 386 288 372 394 397 375 396 306 295 398 390 396 400 400 397 400 400 399 400 400 400 400 400
0 0 0 44 225 389 383 307 365 336 344 386 400 341 335 233 311 188 246 271 255 191 79 4 9 0 0 0 0 0 1 7 42 18 56 70 63 31 82 0 22 16 11 34 106 180 337 314 255 214 227 272 289 311 321 247 151 90 116 172 350 393 400 367 279 372 400 388 400 400 400 400 400 400 400 400 400 400 400
0 0 0 0 39 342 376 400 397 293 356 313 302 193 176 81 120 131 233 295 231 212 38 0 0 0 0 0 0 0 0 7 15 0 0 8 43 80 139 65 37 11 21 0 0 8 165 191 273 313 385 373 322 195 329 381 182 86 46 145 124 334 394 383 399 397 400 400 392 389 393 400 400 400 400 395 400 400 397
