Landscape_phylogeographic_analyses/Environmental_files/WNV_rasters/Land_cover_forests_WNV_16.asc
NCOLS 390 
NROWS 216 
XLLCORNER -128.0000208 
YLLCORNER 18.9999684 
CELLSIZE 0.1666666 
NODATA_value -2147483647 
[rows 72 to 107 of 216, columns 240 to 319 of 390]
0 -2147483647 -2147483647 -2147483647 -2147483647 -2147483647 -2147483647 -2147483647 -2147483647 -2147483647 -2147483647 8 2 8 4 80 33 0 0 0 0 0 0 0 0 2 12 50 27 6 0 0 11 11 0 0 0 0 0 0 0 0 0 0 0 0 0 0 0 0 0 0 9 7 17 0 11 47 4 0 0 0 0 0 3 0 15 13 3 9 38 131 37 79 3 52 104 32 49 25
0 -2147483647 -2147483647 -2147483647 -2147483647 -2147483647 -2147483647 -2147483647 -2147483647 -2147483647 -2147483647 9 2 0 3 45 1 0 0 0 0 7 0 0 5 12 34 45 26 6 0 0 2 14 0 0 0 0 0 0 0 0 0 0 0 17 9 -2147483647 -2147483647 -2147483647 -2147483647 -2147483647 -2147483647 -2147483647 22 85 161 14 53 4 16 20 200 294 95 0 11 9 3 89 153 149 217 244 68 158 74 151 179 236
0 -2147483647 -2147483647 -2147483647 -2147483647 -2147483647 -2147483647 -2147483647 -2147483647 -2147483647 -2147483647 202 222 0 18 167 2 0 0 0 0 0 8 1 30 33 40 12 4 0 0 -2147483647 100 14 0 0 0 2 0 -2147483647 -2147483647 -2147483647 -2147483647 -2147483647 4 -2147483647 -2147483647 -2147483647 -2147483647 -2147483647 -2147483647 -2147483647 -2147483647 119 89 100 166 43 61 51 137 81 81 207 216 115 27 27 29 58 4 116 157 319 184 206 188 234 279 216
0 -2147483647 -2147483647 -2147483647 -2147483647 -2147483647 -2147483647 -2147483647 -2147483647 -2147483647 9 102 8 8 26 24 52 15 0 0 0 0 5 97 73 25 0 0 0 0 2 -2147483647 -2147483647 -2147483647 0 0 0 0 -2147483647 -2147483647 -2147483647 -2147483647 -2147483647 -2147483647 -2147483647 -2147483647 -2147483647 -2147483647 -2147483647 -2147483647 -2147483647 93 177 113 210 204 245 109 150 215 317 164 63 30 258 153 136 192 142 260 270 125 163 300 268 210 237 264 270 219
15 -2147483647 -2147483647 -2147483647 -2147483647 -2147483647 -2147483647 -2147483647 -2147483647 -2147483647 57 7 23 61 4 16 33 1 0 0 1 6 38 14 0 5 2 0 1 4 0 0 0 0 0 0 -2147483647 -2147483647 -2147483647 -2147483647 -2147483647 -2147483647 -2147483647 -2147483647 -2147483647 -2147483647 -2147483647 -2147483647 -2147483647 86 204 176 244 159 174 339 320 284 227 187 293 240 240 157 158 347 300 197 337 300 176 91 229 237 193 311 229 219 313 294
13 0 -2147483647 -2147483647 -2147483647 -2147483647 -2147483647 -2147483647 -2147483647 2 0 2 0 1 0 0 0 0 0 0 0 2 0 1 0 0 0 0 7 4 0 0 0 -2147483647 -2147483647 -2147483647 -2147483647 -2147483647 -2147483647 -2147483647 -2147483647 -2147483647 -2147483647 -2147483647 -2147483647 -2147483647 -2147483647 25 113 140 151 199 116 228 331 389 373 313 371 366 232 141 45 69 181 262 230 256 318 158 83 181 197 316 335 344 387 397 382 393
5 0 -2147483647 -2147483647 -2147483647 -2147483647 -2147483647 -2147483647 25 6 1 0 5 24 0 1 0 0 0 0 0 0 0 0 0 0 0 0 -2147483647 -2147483647 -2147483647 -2147483647 -2147483647 -2147483647 -2147483647 -2147483647 -2147483647 -2147483647 -2147483647 -2147483647 -2147483647 -2147483647 -2147483647 34 77 141 107 106 64 192 224 317 317 360 383 400 392 390 340 378 311 209 178 145 176 259 51 118 137 104 85 277 214 324 317 310 377 382 379 396
68 0 0 -2147483647 -2147483647 -2147483647 -2147483647 38 13 0 7 0 0 3 0 0 6 8 0 0 0 0 0 0 0 2 0 -2147483647 -2147483647 -2147483647 -2147483647 -2147483647 -2147483647 -2147483647 -2147483647 -2147483647 -2147483647 -2147483647 -2147483647 -2147483647 44 128 120 41 61 76 139 137 249 277 359 392 400 400 400 393 389 380 375 379 349 399 385 308 176 187 251 55 153 197 119 86 28 192 260 193 269 256 220 350
3 5 3 0 8 30 3 3 0 4 1 0 0 0 0 0 0 0 0 0 0 0 0 0 13 2 2 0 1 4 -2147483647 -2147483647 -2147483647 -2147483647 -2147483647 -2147483647 -2147483647 -2147483647 -2147483647 85 226 119 147 22 11 59 162 102 302 297 396 400 400 400 400 385 391 400 400 400 400 387 390 389 361 274 303 338 349 287 332 260 225 223 145 293 195 356 399 396
0 0 0 0 0 0 0 0 0 0 0 0 0 0 0 3 0 0 0 0 0 0 0 0 0 0 0 0 0 0 1 1 -2147483647 -2147483647 0 2 13 5 12 117 124 50 114 49 30 51 58 131 321 335 384 298 391 399 400 383 330 389 400 400 400 400 400 398 371 383 379 400 400 399 400 386 309 164 252 308 373 400 400 385
0 0 2 2 0 0 6 0 0 1 0 0 2 0 0 0 0 0 0 0 0 0 0 0 0 0 0 0 0 0 0 0 0 0 0 0 0 29 151 31 42 134 53 37 77 41 31 102 263 320 196 297 355 326 309 314 385 400 400 400 400 400 400 392 271 224 197 155 189 270 253 365 227 316 395 391 399 400 400 350
0 0 5 0 0 0 12 0 8 0 0 0 0 0 0 0 0 0 0 0 0 0 0 0 0 0 0 0 0 0 0 1 0 0 0 0 0 0 22 7 6 47 27 39 35 39 24 40 237 293 172 51 77 245 232 271 381 305 369 371 398 390 298 268 319 362 126 40 86 55 190 270 370 400 395 380 387 396 387 248
0 0 2 7 0 0 0 0 0 0 0 0 0 0 0 0 0 0 0 0 0 0 0 0 0 0 0 0 0 0 0 0 0 0 0 0 0 0 8 3 0 6 0 1 2 25 100 151 152 222 278 217 101 90 197 327 285 307 265 380 335 205 211 280 365 150 40 147 108 144 322 315 325 374 314 274 282 233 322 312
0 0 0 0 0 0 0 0 0 0 0 0 5 3 0 0 0 0 0 0 0 0 0 0 0 0 0 0 0 0 0 0 0 6 0 0 0 0 0 11 14 1 7 79 164 199 59 49 71 86 190 100 170 88 207 315 309 291 374 268 232 286 238 350 268 155 78 150 227 308 327 307 244 140 64 57 11 118 274 240
0 0 0 0 0 0 0 0 0 0 0 0 0 0 0 0 0 0 0 0 0 0 0 0 0 0 0 0 0 0 0 0 2 31 148 113 15 0 6 98 101 18 201 295 249 285 264 243 208 220 202 196 170 224 291 191 201 323 259 271 305 209 242 228 160 243 164 208 328 296 210 210 116 0 12 79 166 230 60 47
0 0 0 0 0 0 0 0 0 0 0 0 0 0 0 0 0 0 0 0 0 0 0 0 0 0 0 0 0 1 0 0 0 0 73 245 79 7 42 101 268 127 63 179 285 258 106 70 54 190 110 193 242 356 371 260 325 219 201 311 365 298 319 199 206 278 252 272 141 35 8 26 91 159 180 130 123 112 97 186
0 0 1 0 0 0 0 0 0 0 0 0 0 0 0 0 0 0 0 0 0 0 0 0 0 0 0 0 0 0 6 0 0 0 99 76 173 118 222 292 347 185 57 186 265 112 14 39 144 108 62 160 296 314 228 321 276 102 303 339 340 279 329 192 116 86 80 44 30 107 89 82 234 190 36 48 6 12 52 38
0 1 2 0 0 0 0 0 0 0 0 3 0 0 0 0 1 0 0 0 0 0 0 0 0 0 0 0 0 0 5 0 0 6 108 73 91 192 262 209 248 78 40 197 183 121 79 63 145 126 100 273 342 55 216 301 167 201 322 272 314 244 19 131 184 91 142 111 69 1 0 18 39 87 50 30 42 20 35 34
0 0 0 0 35 31 0 0 0 0 11 0 10 0 0 0 0 0 0 0 0 0 2 0 0 0 0 0 0 0 0 0 0 3 34 82 153 113 165 226 251 79 334 361 250 288 242 167 142 71 365 382 261 162 169 361 309 231 220 179 226 25 66 331 19 1 17 2 4 79 20 5 3 33 28 64 29 16 79 142
0 0 0 5 29 17 0 0 0 0 0 0 0 0 0 0 0 0 0 0 0 0 0 0 0 0 0 0 0 0 0 0 24 12 105 264 291 242 263 281 316 316 392 392 398 399 374 303 238 309 317 328 363 161 282 340 366 376 295 228 145 0 58 258 0 0 26 25 23 11 87 23 1 49 23 41 13 29 140 329
0 0 1 9 12 16 70 0 19 94 5 0 0 0 0 0 20 9 8 2 0 1 1 7 5 0 0 0 1 0 0 31 349 309 393 385 231 266 272 336 397 385 387 400 400 400 366 319 268 325 269 323 309 351 328 320 378 397 316 324 72 2 139 174 0 0 2 82 90 31 31 77 162 15 23 53 8 111 246 291
0 8 0 22 4 2 202 128 136 199 86 47 3 0 0 0 48 84 19 0 0 2 0 4 2 0 0 0 2 8 74 283 399 387 392 343 373 243 218 251 393 400 392 394 400 386 285 314 358 385 360 245 332 372 297 343 306 386 324 148 0 123 45 41 10 0 143 64 91 50 96 -2147483647 47 12 11 98 83 146 272 382
0 0 15 1 9 3 152 222 119 374 376 368 9 0 0 0 0 2 79 69 27 8 34 0 0 0 0 52 248 138 180 307 362 311 236 301 327 315 170 359 400 379 393 399 400 309 270 350 309 396 356 333 368 326 321 353 296 319 212 7 9 182 75 66 61 38 65 67 11 -2147483647 -2147483647 20 9 38 0 -2147483647 -2147483647 235 339 302
0 0 17 6 96 5 94 283 117 333 392 266 2 1 5 118 40 72 120 116 24 81 100 63 0 0 7 129 371 145 207 305 238 337 332 365 270 386 399 353 399 387 400 395 390 282 306 347 301 369 396 367 305 189 264 372 364 313 32 27 203 30 63 69 156 43 76 131 136 -2147483647 -2147483647 39 1 6 21 21 -2147483647 -2147483647 -2147483647 -2147483647
0 2 3 0 36 2 88 357 108 111 238 72 14 38 58 219 122 125 156 197 1 54 177 10 0 0 17 141 384 253 282 256 155 226 230 296 264 293 390 386 395 400 396 398 400 390 306 396 321 393 400 388 375 314 372 376 194 227 221 308 87 85 58 101 170 48 6 47 115 -2147483647 -2147483647 28 12 9 0 22 -2147483647 -2147483647 -2147483647 -2147483647
3 11 3 1 0 1 82 299 207 21 164 205 110 9 47 48 314 226 200 155 13 90 134 142 89 154 153 336 398 343 272 291 396 304 284 359 332 345 378 379 399 400 400 395 377 400 400 400 336 389 385 342 310 394 376 161 220 272 347 185 153 119 58 242 140 111 46 106 75 -2147483647 -2147483647 54 39 27 1 88 23 -2147483647 -2147483647 -2147483647
0 0 2 0 0 6 14 323 266 98 28 8 212 133 18 210 76 110 91 93 65 48 94 192 53 57 131 388 374 393 353 313 388 360 391 367 364 384 398 399 400 400 400 399 400 400 400 399 398 399 351 348 363 399 181 45 229 286 280 166 43 37 195 329 133 302 117 125 123 -2147483647 -2147483647 30 33 127 33 32 55 -2147483647 -2147483647 -2147483647
0 5 0 9 135 67 1 93 314 355 136 7 122 24 113 55 0 65 259 302 179 39 1 95 99 0 237 399 374 344 318 275 304 321 354 361 366 335 362 398 400 373 385 386 363 400 400 400 387 368 282 332 394 178 0 137 243 341 100 80 107 306 314 268 186 174 138 76 160 -2147483647 177 256 260 176 23 77 65 -2147483647 -2147483647 -2147483647
4 0 0 14 181 93 0 201 339 304 288 2 121 20 25 12 0 40 150 53 12 18 0 0 14 45 224 361 318 360 367 387 381 395 400 400 400 396 381 396 392 398 380 374 393 400 396 340 391 383 374 379 321 13 1 303 311 135 70 112 147 327 233 199 266 274 -2147483647 56 151 116 -2147483647 -2147483647 105 210 221 241 111 -2147483647 -2147483647 -2147483647
27 0 0 19 68 48 13 113 329 295 235 77 194 161 26 13 63 118 36 7 0 0 0 0 0 119 313 381 382 360 400 399 381 400 392 400 368 388 396 387 400 381 393 400 400 370 341 399 399 398 386 351 145 6 86 283 241 173 213 281 249 352 332 294 341 255 212 170 91 -2147483647 -2147483647 -2147483647 -2147483647 167 161 141 -2147483647 -2147483647 -2147483647 -2147483647
15 23 39 16 36 8 26 135 268 157 13 84 283 273 193 0 63 175 20 3 0 42 15 51 161 333 347 260 376 397 399 398 392 400 398 399 387 394 381 394 391 393 392 366 309 165 392 400 383 397 382 214 109 378 354 363 278 309 298 305 341 278 292 318 287 226 191 161 189 227 -2147483647 -2147483647 -2147483647 -2147483647 193 -2147483647 -2147483647 -2147483647 -2147483647 -2147483647
42 12 6 0 3 8 3 239 169 14 47 59 40 183 176 12 25 37 6 0 80 44 0 93 330 399 387 372 400 385 397 394 360 390 400 379 392 386 400 387 360 382 394 394 282 246 392 394 383 374 300 116 380 263 235 388 280 312 347 354 327 215 175 153 110 189 332 286 162 276 -2147483647 -2147483647 -2147483647 92 34 -2147483647 -2147483647 -2147483647 -2147483647 -2147483647
25 4 5 0 8 5 106 194 138 23 29 52 0 5 175 85 30 128 214 13 0 67 157 374 393 380 398 398 396 394 386 397 390 390 396 398 389 400 399 400 400 383 378 319 286 287 382 373 337 265 323 367 361 235 367 358 329 281 324 343 308 275 212 61 162 303 333 319 293 110 -2147483647 -2147483647 -2147483647 78 -2147483647 -2147483647 -2147483647 -2147483647 -2147483647 -2147483647
14 41 14 1 1 21 50 205 156 28 40 89 159 76 163 93 118 232 179 144 60 107 359 389 277 369 392 396 352 335 397 398 395 396 398 396 398 400 398 397 398 309 385 243 380 342 313 374 169 271 221 230 191 263 148 262 334 239 300 312 205 347 292 97 280 311 366 184 254 273 -2147483647 -2147483647 46 -2147483647 -2147483647 -2147483647 -2147483647 -2147483647 -2147483647 -2147483647
34 111 117 143 104 105 188 151 160 137 205 287 143 14 10 11 241 201 141 31 3 178 393 117 309 394 400 397 374 379 383 397 386 399 394 400 400 400 392 365 356 380 360 333 264 247 362 265 196 221 78 91 175 149 188 194 191 274 225 181 263 364 288 116 139 278 243 156 155 115 -2147483647 -2147483647 13 -2147483647 -2147483647 -2147483647 -2147483647 -2147483647 -2147483647 -2147483647
4 112 195 170 79 108 237 96 104 58 17 94 1 0 130 146 13 21 40 53 109 379 366 25 253 397 400 393 394 398 396 346 385 396 400 376 368 319 242 283 305 299 334 161 115 142 280 268 144 73 225 303 163 210 215 211 254 269 337 237 294 340 274 269 335 287 196 143 -2147483647 68 -2147483647 -2147483647 -2147483647 -2147483647 -2147483647 -2147483647 -2147483647 -2147483647 -2147483647 -2147483647
