Post-hoc_landscape_analyses/Environmental_files/WNV_rasters/Eastern_flyway_normalised.asc
NCOLS 312 
NROWS 173 
XLLCORNER -128.0000208 
YLLCORNER 18.9999684 
CELLSIZE 0.20833325 
NODATA_value -9999 
[rows 44 to 65 of 173, columns 250 to 299 of 312]
-9999 -9999 -9999 -9999 -9999 -9999 -9999 -9999 -9999 -9999 -9999 -9999 -9999 -9999 -9999 -9999 -9999 -9999 -9999 -9999 -9999 -9999 -9999 -9999 -9999 -9999 0.807954896817988 0.818037907283962 0.80589927945243 0.779332859137294 0.784509891570022 0.765312033813939 0.766503464474124 0.749794196673599 0.758252105459263 0.790449356064917 0.768543563692872 0.803065724345735 0.788766254677099 -9999 -9999 -9999 -9999 -9999 -9999 -9999 -9999 -9999 -9999 -9999
-9999 -9999 -9999 -9999 -9999 -9999 -9999 -9999 -9999 -9999 -9999 -9999 -9999 -9999 -9999 -9999 -9999 -9999 -9999 -9999 -9999 -9999 -9999 -9999 -9999 0.81671417387509 0.804069395304833 0.790341550442056 0.74082944225248 0.759018669273198 0.752976010999186 0.809372366468162 0.81672879899086 0.815784348242449 0.816677615652248 0.826043326628987 0.813850839560561 0.780164929112385 0.774281654846234 0.801094867029045 0.702489584414364 -9999 -9999 -9999 -9999 -9999 -9999 -9999 -9999 -9999
-9999 -9999 -9999 -9999 -9999 -9999 -9999 -9999 -9999 -9999 -9999 -9999 -9999 -9999 -9999 -9999 -9999 -9999 -9999 -9999 -9999 0.79441142075101 0.789985013320001 0.806609668845336 0.785265512330866 0.782223890197809 0.793797790968146 0.812870728326766 0.800874608299156 0.78780037372243 0.812481374605687 0.792061479043851 0.786001262804819 0.780810886967928 0.830212257984361 0.825881547642896 0.771244699660578 0.824941862310836 0.809557447697444 0.816068955360451 0.826129117876599 -9999 -9999 -9999 -9999 -9999 -9999 -9999 -9999 -9999
-9999 -9999 -9999 -9999 -9999 -9999 -9999 -9999 -9999 -9999 -9999 -9999 -9999 -9999 -9999 -9999 -9999 -9999 -9999 -9999 -9999 0.807312175798734 0.797355958685208 0.812871800689983 0.811823106856913 0.828173750484104 0.75017793726746 0.797968606184765 0.806751110783365 0.760529012042524 0.819560923423027 0.787445761267875 0.78655137794719 0.774135076268229 0.780588135178127 0.81358513256901 0.799538577057315 0.807792700051386 0.810965431132911 0.781065482657896 0.801429828145171 0.794518373905778 0.833525042047479 -9999 -9999 -9999 -9999 -9999 -9999 -9999
-9999 -9999 -9999 0.707063616422432 0.621567865098202 0.638894015016297 0.678401237895763 0.723810880261548 0.688026323031702 0.726058844269926 0.716923425813516 0.676362544315269 0.594032515001192 0.646557971709146 0.656244005288221 0.748745057250699 0.781546968352386 0.711552809920101 0.749034724010234 0.783587721530653 0.83121866738995 0.785966373113846 0.810428892172583 0.799412330775201 0.763929972950558 0.784068272764499 0.804330539441866 0.764597665772759 0.764746952192308 0.774808744056734 0.805102402228409 0.718424936592261 0.747350828721579 0.723056538990231 0.766673645938739 0.787122107336631 0.811984616654544 0.796398699612293 0.820423010391882 0.818508458912987 0.805921246438117 0.823295544095202 0.687549769409771 -9999 -9999 -9999 -9999 -9999 -9999 -9999
-9999 0.617030917129848 0.66230769841773 0.647912709366573 0.663774408286191 0.728700866418163 0.737405914592576 0.764520126293382 0.747907239188025 0.745895738539211 0.778641059226432 0.67808595668741 0.638318121821599 0.674838550011454 0.706040682646664 0.796905191344057 0.785273291714092 0.76209223950027 0.778254269491036 0.800550138185834 0.770944997417582 0.805658570536748 0.776340462102437 0.771464772131835 0.789850648514775 0.779780736099729 0.795863804799496 0.730809801167009 0.764526653614842 0.715985824634562 0.719397615831522 0.71705521865389 0.7652958092049 0.755133797164651 0.784570444670526 0.778117942632562 0.762639094260438 0.791838185681502 0.774523760595518 0.772836234528419 0.799840672841391 0.834529712191661 0.777124803516308 -9999 -9999 -9999 -9999 -9999 -9999 -9999
-9999 0.70656813754287 0.688373804933058 0.733277299897184 0.761781742921062 0.74994880277486 0.760572552680235 0.734978518880919 0.736618916673313 0.741121338111437 0.760770978401959 0.737372576099959 0.695082017434076 0.690063586779981 0.780397775069648 0.746050937853294 0.780991264239755 0.752958879263141 0.749362620851947 0.782408509590574 0.71804685675292 0.771138110142374 0.763073912455585 0.786232929948362 0.76701544825676 0.779124238422717 0.727164376879268 0.72339408952353 0.743694992381256 0.682803588861378 0.7013771440417 0.712247721330287 0.766362759342738 0.759182945860204 0.807611334822869 0.772281430527159 0.816022163912045 0.763523542454755 0.785998995264545 -9999 -9999 -9999 -9999 -9999 -9999 -9999 -9999 -9999 -9999 -9999
0.666631413809691 0.713146002149303 0.703669403211656 0.777086668685506 0.781119541378412 0.767261281999402 0.736956387607005 0.701047013202413 0.732613281318479 0.768376157898077 0.774774925382477 0.741537114055737 0.635070646318225 0.699777300964613 0.772937298153263 0.739217200029902 0.714662784042549 0.770363188132911 0.766094031379808 0.737784589684264 0.739137223366669 0.776475757966955 0.79092710577803 0.77197038898514 0.797767162882988 0.716275907261392 0.74891557373533 0.667594767350651 0.744426313302407 0.726773813343321 0.738034573040494 0.726091365189962 0.730579634064696 0.778039153644225 0.823786681084755 0.769343799364023 0.834797830817253 -9999 -9999 -9999 -9999 -9999 -9999 -9999 -9999 -9999 -9999 -9999 -9999 -9999
0.609287338891134 0.69460363461401 0.778143480102493 0.776755598121765 0.750958996300379 0.696082624084461 0.736637003332 0.755685126881856 0.770531659360962 0.72582818887501 0.790609658979327 0.732067515198923 0.520115891128048 0.694326284645974 0.780524796854243 0.721320104337392 0.768209221368666 0.7574640421643 0.719076229426368 0.781688113256363 0.790123036899389 0.788856154658397 0.772209811486334 0.761589368271525 0.710337163215378 0.724536589958009 0.715668631783509 0.631202917187075 0.749213736832071 0.770317267971877 0.736754329122981 0.746091275037245 0.765659923493835 -9999 -9999 -9999 -9999 -9999 -9999 -9999 -9999 -9999 -9999 -9999 -9999 -9999 -9999 -9999 -9999 -9999
0.71376143706051 0.642661202529862 0.66778619414574 0.764137754033608 0.72054712132997 0.717822886470089 0.731180129270479 0.743380693401094 0.766360203805991 0.741335000964656 0.599354044433205 0.721288101477415 0.628177412047764 0.654857877776669 0.772529967718186 0.719098274841481 0.751877273070375 0.758049151789038 0.75781310118224 0.735836023868646 0.763132282279095 0.755512392069053 0.75711784450031 0.726262914672558 0.728487829449282 0.657834639795879 0.722152971496658 0.751145151206687 0.682366685817903 0.714673278155346 0.772017927069741 -9999 -9999 -9999 -9999 -9999 -9999 -9999 -9999 -9999 -9999 -9999 -9999 -9999 -9999 -9999 -9999 -9999 -9999 -9999
0.755038944435002 0.72510927936408 0.687011909549271 0.752279591506436 0.745297305602579 0.744816203411974 0.751565794513751 0.746619867735359 0.772193269229149 0.723246847394391 0.730460447571905 0.74918564409784 0.689639597921567 0.735055579172171 0.760566578850808 0.780316564303103 0.729449906437852 0.7164331524233 0.734351275434487 0.764625117966269 0.72552465323714 0.70432599374308 0.723800036651986 0.7493894418689 0.717775745762251 0.694848095539659 0.717922405869186 -9999 -9999 0.75660244248582 -9999 -9999 -9999 -9999 -9999 -9999 -9999 -9999 -9999 -9999 -9999 -9999 -9999 -9999 -9999 -9999 -9999 -9999 -9999 -9999
0.73034844796501 0.736346996679615 0.735840856694448 0.739169634547861 0.745490548777653 0.732245735786301 0.763393841867368 0.692205963651736 0.791710687826499 0.763417672424254 0.687600130106977 0.707521829536562 0.693346684270655 0.742657104998507 0.712617851906324 0.767184015746911 0.75659178914075 0.749086496387996 0.711756213745905 0.746197959036917 0.701946353156706 0.714030792589777 0.737403665505794 0.727385117440367 0.739770416576903 0.703037538146717 0.667017303361765 -9999 -9999 -9999 -9999 -9999 -9999 -9999 -9999 -9999 -9999 -9999 -9999 -9999 -9999 -9999 -9999 -9999 -9999 -9999 -9999 -9999 -9999 -9999
0.687298037603247 0.639128914455654 0.704462298568308 0.733840967964883 0.716663196977464 0.743518614843092 0.750602051094936 0.77931006136911 0.716844226782181 0.754223235706766 0.719625156381411 0.622394304983174 0.724289837275372 0.748530013705118 0.758514489261864 0.769061052467878 0.756698850462105 0.745384880814074 0.741894485428665 0.714935137094396 0.690518080204118 0.709787880222151 0.725824559028763 0.689440594896841 0.726926558622987 0.609965668459198 -9999 -9999 -9999 -9999 -9999 -9999 -9999 -9999 -9999 -9999 -9999 -9999 -9999 -9999 -9999 -9999 -9999 -9999 -9999 -9999 -9999 -9999 -9999 -9999
0.676816857458872 0.716855196287401 0.70132026009515 0.720698143978808 0.736145102072948 0.659300775653752 0.754972582422042 0.664975550069733 0.63442879270587 0.707648799981886 0.666776698332364 0.7059948592598 0.760097484118111 0.772991332615421 0.779793558692956 0.764222077478541 0.74132391361796 0.739897501576962 0.726943809565408 0.752845027343868 0.74887601368023 0.768040710053718 0.731581730304972 0.699067279767977 0.743323674192135 -9999 -9999 -9999 -9999 -9999 -9999 -9999 -9999 -9999 -9999 -9999 -9999 -9999 -9999 -9999 -9999 -9999 -9999 -9999 -9999 -9999 -9999 -9999 -9999 -9999
0.754790292289281 0.714495008832443 0.743781881725986 0.690952024816016 0.62293747273439 0.706609347933462 0.666195531924951 0.686214238320301 0.698014777178349 0.725714688826202 0.757081805847826 0.695834528740127 0.737458810898739 0.779879728549894 0.744007585294754 0.736941346962999 0.764768765293621 0.710364409742617 0.700884333583458 0.77175719171957 0.746044689785022 0.705904705945736 0.737285991835049 0.752812106156889 0.638499948747297 -9999 -9999 -9999 -9999 -9999 -9999 -9999 -9999 -9999 -9999 -9999 -9999 -9999 -9999 -9999 -9999 -9999 -9999 -9999 -9999 -9999 -9999 -9999 -9999 -9999
0.766383772330713 0.730997839156593 0.72764442171507 0.703537034774967 0.702442553636894 0.739931290298519 0.744226725455475 0.700323304331613 0.706412016534769 0.736685618033981 0.729053305401484 0.732790330782896 0.782770142765749 0.767449562886703 0.768220288919573 0.7472394312006 0.745521994869806 0.733302413615286 0.707989468588116 0.801805535611131 0.743419659614613 0.6884023508997 0.724820536789461 0.689047433093951 0.68131939418389 0.705430877350474 -9999 -9999 -9999 -9999 -9999 -9999 -9999 -9999 -9999 -9999 -9999 -9999 -9999 -9999 -9999 -9999 -9999 -9999 -9999 -9999 -9999 -9999 -9999 -9999
0.719906735844204 0.760862582924191 0.752554745642434 0.733132218248052 0.761084903154893 0.756602883834899 0.758042329038872 0.764393121452795 0.766390148498556 0.756154711767098 0.691915947978202 0.722029805900581 0.737693529339046 0.768450454639192 0.741249866187802 0.767978282020422 0.748548328992299 0.710286282362039 0.724883239099611 0.777917159913622 0.774622286827268 0.748592873357384 0.737480164719371 0.669011828889705 -9999 -9999 -9999 -9999 -9999 -9999 -9999 -9999 -9999 -9999 -9999 -9999 -9999 -9999 -9999 -9999 -9999 -9999 -9999 -9999 -9999 -9999 -9999 -9999 -9999 -9999
0.71601288095592 0.735854568847785 0.7800827135968 0.775706472074137 0.779011269850153 0.774562095569489 0.771530804259145 0.782791172591396 0.764996605395283 0.777769305989115 0.682948517121322 0.753268533390184 0.751507983392304 0.749039074298987 0.778138339097612 0.725772163280288 0.705104620133635 0.749525865786316 0.712320855283479 0.697185417540195 0.729999808595195 0.744696866184151 0.702457945918552 0.652191158825255 0.766316553043588 -9999 -9999 -9999 -9999 -9999 -9999 -9999 -9999 -9999 -9999 -9999 -9999 -9999 -9999 -9999 -9999 -9999 -9999 -9999 -9999 -9999 -9999 -9999 -9999 -9999
0.758956175472622 0.74921211351807 0.736142148857286 0.776916423253058 0.759648584477336 0.780682320887453 0.797100058591277 0.805170034031686 0.77240782563265 0.735386439720677 0.747987878693458 0.720375132601556 0.732057038144541 0.76801488040029 0.780446642594777 0.728554569934951 0.770479853575707 0.75767307905229 0.719369240169895 0.718439460509514 0.757266556525166 0.705726340412025 0.727714096619208 0.688329137280893 0.652014763371851 0.713980816119005 -9999 -9999 0.641314270647981 -9999 -9999 -9999 -9999 -9999 -9999 -9999 -9999 -9999 -9999 -9999 -9999 -9999 -9999 -9999 -9999 -9999 -9999 -9999 -9999 -9999
0.772394170134863 0.765274978261682 0.752330125833042 0.781765736346764 0.772905482391264 0.755033565441427 0.743187996920882 0.761985847399738 0.719374694550064 0.785822316015367 0.777057228373665 0.780220101486758 0.7860690837754 0.771565790924145 0.729174741608785 0.691240779124013 0.771691697641349 0.8064365279629 0.744678437847718 0.717038770040751 0.711875659166315 0.715408086545452 0.711089490842343 0.697540622568585 0.643133562891025 0.644423198336105 0.753057686551473 0.652514281807075 0.650682166647742 -9999 -9999 -9999 -9999 -9999 -9999 -9999 -9999 -9999 -9999 -9999 -9999 -9999 -9999 -9999 -9999 -9999 -9999 -9999 -9999 -9999
0.737060455933382 0.75036117830186 0.723616888461908 0.7731634533043 0.766982907175787 0.753368631212416 0.788099787900764 0.726984421564403 0.671085744864652 0.740916075094733 0.75977773397485 0.775201645456119 0.767126638274848 0.75643087887411 0.795918137573988 0.757100593891409 0.774009791798452 0.783982413229194 0.749496824056189 0.717102849489587 0.760684311895108 0.730627605982389 0.582366892897674 0.755305462191796 0.712329984726475 0.70931216088816 0.596719642868868 0.606246769836676 -9999 -9999 -9999 -9999 -9999 -9999 -9999 -9999 -9999 -9999 -9999 -9999 -9999 -9999 -9999 -9999 -9999 -9999 -9999 -9999 -9999 -9999
0.76310849386668 0.788073057518623 0.732838401796879 0.754782100556399 0.761758356224315 0.796562042340656 0.754144053902784 0.67004577779682 0.748215509341361 0.770056831911957 0.793898398218085 0.755471341049748 0.814567972213069 0.776461048621897 0.765923568455324 0.826291652816226 0.797739080670142 0.766436556183242 0.679749887188051 0.693980409179889 0.72402839008244 -9999 -9999 -9999 0.558609095909285 0.748679052877894 0.662355935666056 0.519821602808853 0.547877597287261 -9999 -9999 -9999 -9999 -9999 -9999 -9999 -9999 -9999 -9999 -9999 -9999 -9999 -9999 -9999 -9999 -9999 -9999 -9999 -9999 -9999
