Post-hoc_landscape_analyses/Environmental_files/WNV_rasters/Eastern_flyway_normalised.asc
NCOLS 312 
NROWS 173 
XLLCORNER -128.0000208 
YLLCORNER 18.9999684 
CELLSIZE 0.20833325 
NODATA_value -9999 
[rows 88 to 109 of 173, columns 50 to 99 of 312]
0.0286468285730205 0.0269546476873479 0.0378320296381668 0.0270928500185666 0.0244688355009908 0.0192224353169901 0.026999750619293 0.025960572116944 0.0208372011877469 0.0198417189815164 0.019821271586755 0.0128000916545066 0.016663458976539 0.0197626596644261 0.0162619013089301 0.0231458527500444 0.0165073108593933 0.0225000413690095 0.00814307996236555 0.0146958524637075 0.0131905246569496 0.0063722644042822 0.0137279449039689 0.013877590002182 0.00184665568775054 0.00193463005879189 0 0.0086976549800655 0.00595755392325725 0 0.0031399232641669 0.00295366575789017 0.00328065369936289 0 0 0 0.00247293092526698 0.00279758476780685 0.00677867135808239 0.0022218135693864 0.00112635640997326 0.000874531518527664 0 0 0 0 0.0031674413796027 0.00290041099369148 0 0
0.0294703967462869 0.023519385107834 0.0184391610474609 0.0439242262015516 0.0225085498966161 0.0204712879733769 0.0203465295757977 0.0173571487006435 0.0170063869381953 0.0238757351398512 0.0179162261729372 0.0263514490968131 0.0235692306689896 0.0183431189790846 0.0161796181203781 0.0275679462291152 0.021322942032337 0.0144580218006314 0.00937653869342493 0.00713856637574218 0.00727234661403075 0.00291172499636359 0.0134144283958086 0.0192673117183883 0.0125382785774518 0.00122129020267043 0.00510925186156034 0.0132093169971031 0 0.0077086107803946 0.00562496900215301 0.0020015636253195 0.00658082465589191 0 0 0.00338430150053496 0 0 0.00275726838247463 0 0.00135613174635547 0.005618060200204 0 0 0 0 0 0 0 0
0.0205708356801485 0.0225814567308479 0.0230230722320405 0.0345266795476006 0.0332342749528784 0.0205100168298108 0.0229686371839779 0.0204699801916328 0.0195300315814786 0.0168971851383956 0.015813024304195 0.028615437957657 0.0168886309753 0.0290281331812177 0.0195440541485771 0.0263182772411427 0.0208101718144928 0.0240030474517066 0.010302967190326 0.00422861577713645 0.0133322222411169 0.0181416231015499 0.0114136672440784 0.0156465813429085 0.0102019372784874 0.0170385160415684 0.00561694466820233 0.0152820929728084 0.00487734626621586 0.00154864224513831 0.00582488950873095 0.00751753989046986 0.0015631561686911 0 0 0 0.00125166844274675 0 0.00186014144161603 0 0 0.000658393509541363 0.00359388545248721 0 0 0 0 0.00178530893833912 0 0.000778750916282341
0.0283194616859725 0.0224130456044577 0.0217982301901162 0.0286869879799625 0.0258864429725427 0.0213585611480822 0.0248405014839699 0.0237716816564936 0.0215423862600637 0.0208573811907823 0.0195443753475183 0.0186359459114505 0.0173450460416278 0.0196038946552514 0.0194489758843871 0.0189296197696127 0.020771785496677 0.0111456100287009 0.0252440067952683 0.0162043880721401 0.0213012682201427 0.00205662838166407 0.00548443428506049 0.0063193001540074 0.0105706122098598 0.00416830907380324 0.000675817279495541 0.0020864114144117 0.00208664526203388 0.00645328257172127 0.00277234602538537 0.00243422609016352 0.00318749393259264 0.00172293213532336 0 0 0 0.00233985932398759 0 0 0 0.00133673693584401 0.00193714543012674 0.00364521430393255 0 0.0141442630623186 0.00142409590763761 0.00233220162606219 0.00497076123209933 0.00109291112127099
0.0262853639680357 0.0394797868680632 0.0222277961381358 0.0218808518997073 0.0234103226519677 0.0293110304450076 0.0258570247909517 0.0239752634783304 0.0213295569162042 0.021712315367461 0.0179629111777883 0.0198302677826072 0.0183015832111013 0.0174160244266641 0.0206877608680864 0.0268096840792557 0.0250354841291212 0.0181670444251301 0.0131128831373135 0.0191644952089226 0.0254862188961126 0.00248916698389897 0.00612021292117028 0.00433799788228651 0.00617549164100869 0.00325674307976521 0.0010836787075254 0.000147051612491666 0.00321633354237141 0.00436288554118332 0.0135619341880964 0.00383870260778015 0.00482473977470896 0.0022525281720524 0.00238606300674328 0 0 0 0 0 0 0 0.00206050538938181 0 0.0012094465418886 0.00163076733154236 0 0.00790204769699424 0 0
0.0231376344281401 0.0198531073980477 0.0219677155613723 0.0258084111171107 0.0227521732930927 0.0201860058062091 0.0246346087495064 0.0208519084646188 0.0227916440019489 0.0195979713814529 0.0211941105428005 0.0180158871633812 0.020863516722592 0.019043351511794 0.0201612263662614 0.0135923482764062 0.0171590945057441 0.0210699821486673 0.0248392512645369 0.0287107472885299 0.0104201836111827 0.00845324827418659 0.00579488452225809 0.00220030806038483 0.00411377997156279 0.00276692041760631 0 0 0.00319344372360819 0.0054076800129932 0.0167644418728468 0.0130002463169558 0.0125246573445871 0 0 0.00566725214010441 0 0 0 0 0 0 0 0 0.00262780042009898 0.000810182721085929 0 0 0.0053578920165019 0.00191604895219435
0.0243080236914206 0.0271680258405675 0.0207495391681359 0.021914869999794 0.026496451232425 0.0242726955350768 0.0235618240090561 0.024925453346976 0.020849581567788 0.0194032091163275 0.0244611136681878 0.021503819464307 0.0210431719774724 0.0206924453982711 0.0218854138075672 0.0216700924322196 0.0144900686100874 0.0157250129455103 0.0242099777445027 0.0152602126857491 0.0118944293623135 0.012500636767441 0.0120925407620591 0 0.00256984204864027 0.00256966173200949 0.00389641978008506 0 0.00235846420643349 0.00250462829878466 0.0110331623368914 0.0126471653108504 0.00915230906790426 0.00266594866013641 0 0 0 0 0 0 0 0 0.0018225065266605 0.0031577307530045 0 0.00149971862443934 0 0.00453857269228722 0.0032869714167978 0.00241416784797914
0.0236986430741967 0.025372157079863 0.0226209729814727 0.0233536735829669 0.0253998856456799 0.0247043559940841 0.0245470724170041 0.0293765984065195 0.0211039183956034 0.0206724602626148 0.0219389980109883 0.0189646089464883 0.0211080560840078 0.0186881943462188 0.019462418993528 0.0235609653625797 0.0200314069375694 0.015561183145491 0.021187548622667 0.0248874921104637 0.017014917563844 0.00374714308336044 0.00832766233200656 0.00965889803432217 0.00429323903808373 0.0113492245968977 0.00491255195207084 0 0.00111427056766741 0 0.00136067139510649 0.00876386540246987 0.0105711479553353 0.00924709709060516 0.00619946891469594 0.00389983327138679 0.00247368492405517 0.001092619258162 0.00243900325365432 0 0 0 0 0 0 0.00447620919163636 0 0.00455270144065097 0 0
0.0227637257790808 0.0280482288588255 0.0293630268404298 0.0241483383763473 0.0258496012272571 0.0206973026622143 0.0210332633862114 0.0219461889177732 0.0201853129977812 0.0244332486678607 0.0200056419470943 0.0193107662196476 0.0175120279379009 0.0189795359597219 0.0280336412119772 0.0184378369981652 0.0170313715857 0.0178970467402715 0.0272683989646539 0.0291293594417808 0.0228724303415834 0.0153384432535699 0.0117214528301985 0.0210276271969242 0.0127086763030005 0.0175700896523848 0.022098490772242 0.0126827436871563 0.00238340701125117 0.00429900972071213 0 0.00437353635722689 0.010192399767936 0.00881037109423431 0.00914431962527944 0.00784433806846662 0.00429904714289502 0.00587450114544474 0.00313834412999352 0 0 0 0 0 0 0.0018482918282904 0.00396405625198715 0.00207209842175983 0.0010453063974837 0
0.024608491393487 0.0196818669075141 0.0261420793027891 0.0209840429761921 0.0232449195857959 0.0175309059676905 0.0219865973815863 0.0204654359094242 0.0203377133822318 0.0239331482352203 0.0196921429462384 0.0189578865022585 0.0200546805812945 0.0195120181166984 0.0308215843177676 0.0185561135360001 0.0198406777449592 0.0204996336282079 0.0218332984292851 0.0242091081011228 0.0336612802028272 0.0241109348956045 0.0169661570673068 0.0175657288172236 0.00901651146501412 0.012875068553954 0.0199018393301686 0.037356366600841 0.00719498587366319 0.00183445832374553 0 0 0.00229741077484035 0.00416691980799974 0 0 0.0122399262368292 0.00247664061291431 0.00325136662919059 0.00477837026066354 0.00944951115184183 0.00220333994947035 0.00118659741388273 0 0 0.00240152341130073 0 0 0 0
0.0229413017472972 0.0235257150774546 0.0255697010327273 0.0215607324621156 0.0278369548222655 0.0229911897180547 0.0215542143045072 0.0198180767790412 0.0222974425227566 0.0285417914919356 0.0204369913386554 0.0208988160480811 0.0201537731462035 0.0203234522090788 0.0224393588675353 0.0186948647244184 0.0203181818897683 0.0192045687888099 0.0183913365153616 0.027535876276626 0.0271436560561483 0.0291448352388847 0.0287701090404498 0.0233057458973355 0 0.014492949282229 0.0227846814964066 0.0274757817731538 0.0310233817738959 0.00359949310696727 0.00949722649964004 0.00474778386473948 0.00601694344519097 0.0019045739380665 0 0.00134622677654876 0.00256556414294041 0.004107354102701 0.00422413862074455 0.00130182887283441 0 0 0 0 0 0 0 0.000491277899467946 0 0
0.0250927634422315 0.0327801996436788 0.0175834610526444 0.0203131406535923 0.0166676150223188 0.0170928831968728 0.0264901115117429 0.0235887089278079 0.0218572760327269 0.0271772316015349 0.0238405141337922 0.0217915406681566 0.0210771038395002 0.0211584251804362 0.0174515873555809 0.0212755591594667 0.0348977189469196 0.0190840043939524 0.0190725125021043 0.0224953211706825 0.0211666621832755 0.0263844574453229 0.028571605591742 0.0273014260244183 0.0213895161721325 0.0207524106426574 0.0304304254691686 0.0246486124594012 0.031898092870279 0.00691996945265929 0.0174426292194528 0.00114081917617798 0.00614368563135487 0.0148673752331826 0.00286795222018583 0.00473313623040552 0.009064923251749 0.00882926487052677 0.00209345860165469 0.00187814256110621 0.00249282310920581 0.00247283173400664 0 0.00209009752190645 0 0 0.00249343878984779 0.000981609491144536 0 0
0.0278735434758283 0.0234144993071803 0.0222985147319711 0.0145684208112518 0.014843347289648 0.0226711360840769 0.0216993897697355 0.0235475071832585 0.021959129466093 0.0236513562236674 0.0217893209147213 0.0208474391483371 0.0228015327598151 0.0231426895426194 0.021444171450522 0.022319222188164 0.0229028062962415 0.0196241657175338 0.019075710787008 0.0223068954522609 0.0198697383472526 0.0202602249041733 0.0215338812816437 0.0249461104621838 0.0282033905076177 0.0211832639362476 0.0166464361915999 0.0262324672348489 0.031516230980743 0.0192062790613512 0.0247504812942544 0.00872015746371223 0.0156629081173942 0.0048367344710235 0.00992797908242966 0.0052607326402826 0.0169763299633928 0.0182616762886655 0.0102199033772656 0.00192811445856933 0.00127203986781535 0.00287743120738845 0 0.00987140558089278 0.00352914418958563 0 0 0.0112880865415187 0 0.00586852149665263
0.0343172168276021 0.0239352899663405 0.0261075261904558 0.0217538348180177 0.0217385080139526 0.0349114687688359 0.0210544999274808 0.0209649138047114 0.0205086559232721 0.0202095450865851 0.0265210873490796 0.0263652431977063 0.0196752352249671 0.0173564854147627 0.0207322472336639 0.0242209941699004 0.0188640970325978 0.0209675778109085 0.0169584645841597 0.0213384717515301 0.0251732252610511 0.0192520085675109 0.020543569624782 0.0186771014027796 0.0176802409580681 0.0240018354405597 0.0261343266939646 0.0223683823287257 0.0286274856084041 0.0312850072002988 0.0258056524131069 0.0296402913766733 0.00214661776019141 0.0195490813901861 0.0129671062648466 0.0132979540400233 0 0.0191314847215766 0.0181626617803306 0.0131862128616449 0.011173004967393 0.0134364167001986 0.00908085533909203 0.00778129233641432 0.00190253470839748 0.00124874811641014 0 0.00720922196551836 0.00891773297788554 0.00258137450802543
0.0191366668486023 0.0289590209757944 0.0281155724831772 0.0246559018847856 0.0210760750104152 0.0227214961274557 0.0264945940500674 0.0258924175928587 0.0219538657292518 0.0197495357153668 0.0197289691702078 0.0233951212589585 0.032222549100535 0.0283853473091894 0.0229786274693994 0.0210749094277834 0.0183024200660762 0.0173155361289518 0.0174421347728613 0.0197773111471316 0.0220637467766154 0.0182308189490718 0.0199603275069524 0.0171278027876751 0.0182279513723406 0.0163968543470328 0.0163976128750437 0.0145723143218604 0.0164913189147117 0.024480753555991 0.0222760573907438 0.0261296215681362 0.0281178311412346 0.0249766910834463 0.00676215947176202 0.00863293480186497 0.00574722655355138 0.0227203724674375 0.0306840966059029 0.0146773462673089 0.0129054973581093 0 0.0124466926427943 0.00825290747368385 0 0.00091948639913754 0.00403223670511359 0.00151235404900086 0.00133633841231375 0
0.0230808313672928 0.0362456094644134 0.0221605976633988 0.0297085941905304 0.0264651975687401 0.018870650202647 0.0257294129057309 0.0317926952503586 0.0272561982629678 0.0291946218665087 0.0264922556294724 0.0201294712854037 0.0224459676481622 0.0323862018723818 0.030751667551499 0.0192486565007814 0.0190559688208276 0.0191502138769367 0.0185658660574175 0.0234302385365637 0.0209234557195615 0.0180305957776659 0.0194923680318668 0.0213802688845488 0.0172500963870084 0.0187561763962032 0.0205374907375984 0.0201973080344398 0.022367831563971 0.0232223404933713 0.0279347775652198 0.0374854136104999 0.025346384053723 0.0316009773290936 0.031766920665562 0.0247643101937463 0.0210672421496953 0.00254627140927407 0.00759007808558979 0.00555737781381362 0.00379871269365559 0.00834372274910672 0.0241659428994293 0.0109970857758953 0.00318085369636567 0.00927406790988612 0.00268137830642603 0.0019688723944036 0.0088720789179882 0.0078658031329798
0.042651182538838 0.0285745674469204 0.0240785761713297 0.0243092407867015 0.0196720225868722 0.0238842132431579 0.0267477180575333 0.0348262897654111 0.0272048427673761 0.0281835741445986 0.0307076308222052 0.021999276423171 0.0189523199088294 0.0212048772271012 0.0224063657313089 0.0177257399640139 0.0191003562069733 0.0189688629479713 0.018117296242642 0.0207826412856745 0.021568962366183 0.0197509425673395 0.0176616077174342 0.0180591630625286 0.020857895067952 0.0226488375654165 0.0262547169163382 0.0237754705974649 0.021259368969443 0.0135772087990747 0.0243120651301464 0.0326926908588665 0.0182517902926594 0.0304321815570351 0.0320514212788951 0.0315400083038395 0.0201129038982361 0.0186939546581644 0.00583590552315149 0.0034344664614395 0.0214169895300884 0.0244843211473145 0.0134350227784702 0.0149777496829499 0.00776305187543558 0.00610761853060722 0.00890588081268154 0.004315965590678 0.00674731128344886 0.0218504319573249
-9999 0.0354008978153843 0.0225161306806883 0.0222449553778621 0.0176014544585083 0.0284476840110469 0.0307330282235629 0.0289647331004466 0.0276410074645048 0.0263629969936977 0.0287005119687453 0.0371321205412565 0.0259944182195396 0.0265770427794573 0.0293471466456033 0.0237769282768463 0.0190900422162065 0.0216046785375518 0.0199796431753567 0.0272449903580133 0.0263354037680373 0.0296772469249689 0.0391741874232659 0.0175549102892436 0.0199396891558476 0.0229742540410988 0.0254070043501407 0.0170694539743433 0.0168682684900799 0.020563902059924 0.0273913016562558 0.0309577849673512 0.0354281895259284 0.0331470396747786 0.0159899193451523 0.0240688115420991 0.0262416306493662 0.0128003104142829 0.0189984267790447 0.0298257650095195 0.00386437894310202 0.0106761756572253 0.0155860619499545 0.00955893976173889 0.0094608678234846 0.0100684013643024 0.0132342887801041 0.00600566106868687 0.00971596505069479 0.0190868416202756
-9999 0.0383776087876107 0.0404943845614726 0.0279191315813263 0.0205351102625478 0.0208979990521627 0.0276315180118333 0.0306612938440195 0.0323948638726842 0.0361967780448117 0.0252981309257565 0.0327092820223464 0.0335932884458462 0.0253226020019642 0.0265909702005772 0.0292089924870157 0.0257977447905193 0.0253417711542603 0.0344532867548066 0.0355470719697703 0.0272787209814141 0.0253768578353641 0.0214613716239674 0.016057245502462 0.0170887856051584 0.0167000753998701 0.0203604338943116 0.0217876294855447 0.0217175669090747 0.0201833786838034 0.0212363726571657 0.032620159229623 0.0317285752426013 0.0296531726914401 0.0271553268810628 0.0278755408403565 0.0263804493442735 0.024428712192034 0.0310510009942737 0.0208172078014538 0.0332711877392474 0.0224473206415405 0.0153111837220477 0.0133863244050211 0.00427826656174297 0.00903903139563364 0.00972185499062114 0.00357589732568358 0.0152124581452825 0.0231596448750374
-9999 -9999 0.0356460559938009 0.0343098868793669 0.0217203594783586 0.0248435989666592 0.0243247762434977 0.0229472780454973 0.0343495997712951 0.0313474960741564 0.0314702307006892 0.0341670352882976 0.0236325000973936 0.0233952660851594 0.0318289007524213 0.0327324893064941 0.0315191317146191 0.0281366195944712 0.0257789206548192 0.0299007096429611 0.0268853758912964 0.019439939480569 0.0202316390070278 0.0179540453446586 0.0201070200984685 0.0201718689674991 0.0204265221760122 0.022607075328724 0.0206787738322184 0.0326962197243112 0.0282836242155113 0.032270906105715 0.0250854924258026 0.0315883176240722 0.0172097823680683 0.0235149166095372 0.0146882348252493 0.0219690529336878 0.0303628001090333 0.03110766121543 0.0292081940156494 0.0374017652364267 0.0210171804154795 0 0.00457082288331597 0.00410290614260505 0.00712583982594494 0.0043427051100102 0.010239110738888 0.0265330992687304
-9999 -9999 -9999 -9999 -9999 -9999 -9999 -9999 -9999 -9999 -9999 -9999 -9999 0.0358008506951136 0.0348055925393585 0.0328317395406206 0.0311803906679325 0.0278988696299719 0.0281307177616235 0.0256460676943301 0.0255485834167491 0.0184066987079065 0.0212646615327378 0.0185812701235493 0.0319912597452437 0.0193101511291664 0.0227864121458397 0.0274578004040679 0.0199705283106477 0.021960799457416 0.0221268480032334 0.0286696748554094 0.00904219557099101 0.0237285123086944 0.0367358661982226 0.0284633266842919 0.0260782416365407 0.022915370712838 0.0346681876672 0.0338405596264415 0.0253862584480269 0.0324101812318188 0.0278260475033242 0.00968216998579404 0 0.0126659320084822 0.0129035714248192 0.0182074963538666 0.0212873623234216 0.0150065378228371
-9999 -9999 -9999 -9999 -9999 -9999 -9999 -9999 -9999 -9999 -9999 -9999 -9999 -9999 -9999 -9999 -9999 0.0322749505439584 0.0212346964325875 0.0269524174258752 0.0269419279195741 0.0190632571578642 0.0250376411825735 0.0177182837689814 0.022166094403367 0.027728313319713 0.0244811525398998 0.0264165087820501 0.0228322460350381 0.0206619204798182 0.0207360469788574 0.0168381544624573 0.0213486473745137 0.0314883256980061 0.0335632312598727 0.0226901883178875 0.0225565558466976 0.0298895140442357 0.0182134334512843 0.0299565700490083 0.0345121621481602 0.0295405184963722 0.0225612218262327 0.027498224198034 0.021582545830777 0.020846816023599 0.0234737769033247 0.0290682832219747 0.027853335762094 0.0266912014183471
