Post-hoc_landscape_analyses/Environmental_files/WNV_rasters/Eastern_flyway_normalised.asc
NCOLS 312 
NROWS 173 
XLLCORNER -128.0000208 
YLLCORNER 18.9999684 
CELLSIZE 0.20833325 
NODATA_value -9999 
[rows 66 to 87 of 173, columns 200 to 249 of 312]
0.586000206846656 0.579860685710373 0.601739472492021 0.603795581288897 0.598940657812367 0.645344003688451 0.617101759633166 0.56797142568608 0.575559398498939 0.605656327606691 0.595377270922289 0.601646303776041 0.607874982459311 0.607719822142849 0.640282103734501 0.647378658421288 0.656225705113427 0.674924433557334 0.712717849015682 0.726933543429502 0.70551702797766 0.773335110033145 0.772073000033507 0.76213385726475 0.753133612309854 0.77622247251928 0.791780695653849 0.786311314181437 0.84051874795888 0.729769244614052 0.850072346904227 0.815527505725858 0.841256123995033 0.830603342393994 0.843065413663306 0.873742182942695 0.810118852430358 0.818146057722713 0.808836400693125 0.807376067150932 0.804111800998198 0.836261834341249 0.774823683179679 0.750040859177486 0.782305453427158 0.659537411308364 0.728206953503111 0.723820624653026 0.7865534810202 0.80067905918574
0.573298630884575 0.593357042374543 0.598466245946751 0.575904127340312 0.608667111845244 0.620075889248761 0.615588351220603 0.613306218479509 0.585767247867628 0.591460844076042 0.584965798236032 0.62968764221201 0.630339884203912 0.626029517863458 0.654086446132326 0.657706495982358 0.622966147186833 0.66548319735459 0.710678443011503 0.756988374460326 0.753756396898196 0.685263552398945 0.696966971666258 0.736151685394912 0.713798462781062 0.686288148530478 0.731395404876188 0.771245581765844 0.785975619918768 0.833801992289093 0.849428159961704 0.859533621782136 0.81934604614494 0.876199553710644 0.860560445166246 0.858566940581891 0.874761645821506 0.846565128099151 0.849066306179874 0.86255077529441 0.840451260122455 0.82357251628944 0.832493192226725 0.803470239780749 0.726303336923714 0.719330431413421 0.752036012956288 0.73664758084823 0.792821118103116 0.779555698009353
0.571434938527911 0.621437015641111 0.606085232649381 0.602693851504194 0.613860268562229 0.613344346247667 0.60186095049291 0.623433510460808 0.630288016421471 0.641836107933111 0.663146700395708 0.641519079146766 0.654309047631886 0.649442487625665 0.602069620529733 0.641715198952992 0.697384735393018 0.715275098727566 0.795585085415333 0.779384853453366 0.67187998954551 0.670321135743666 0.765528751582403 0.760070011630286 0.746885981133879 0.817458032351049 0.796634959935541 0.85777912345281 0.866054276582903 0.873187183253582 0.859618639498971 0.890634812559186 0.694472349220959 0.876505033261619 0.889974474741251 0.839790344223912 0.873770114079725 0.858175880614202 0.832862860357124 0.84754856412022 0.85726798529624 0.857399598894142 0.832261700043003 0.824891456864923 0.79680415097271 0.705614526575282 0.756461883417535 0.815042560855756 0.823990122730655 0.796493905684154
0.619136580723943 0.592410904562264 0.576120777905617 0.63019485730142 0.650928552844832 0.638572574835923 0.607377596531971 0.629114020898195 0.633965344582158 0.661784374623679 0.668866833319262 0.65838005006671 0.638190325093314 0.660465413349141 0.606811289855144 0.661506719225794 0.704592150822512 0.777810804403249 0.736959664046498 0.851563684354971 0.822455544006009 0.821026029257987 0.739916863705827 0.801104826862637 0.871103875949694 0.88799784203317 0.868280102332943 0.855236333806243 0.847922973713017 0.862258950446448 0.808765019431016 0.835825384372674 0.861696655271147 0.854504071407118 0.844995700304762 0.849792717174755 0.876416546260347 0.845382184019209 0.854603431305155 0.844674660429556 0.814939574828965 0.763535282957316 0.847091097941 0.802408060527398 0.782756502850034 0.740097563757239 0.805280789450217 0.725080063792589 0.785365358020411 0.702441307898226
0.559930402994672 0.605378841444717 0.578010932197411 0.617669116096193 0.626922489369303 0.638019623102566 0.65630580760123 0.634149519564619 0.625947107930679 0.646750413769455 0.656775580606725 0.654715080374638 0.729295485457015 0.6991355335517 0.649675356059103 0.667815851852074 0.722908550731071 0.763353945144546 0.763791322394466 0.792735602108736 0.819943458906001 0.819410060192186 0.79167325041326 0.831283604648754 0.844840425491064 0.855496272176119 0.87521357030582 0.846239529817485 0.840016699732777 0.860666596459337 0.786408020653137 0.837527095955849 0.849676736311392 0.833891942861599 0.857150762326675 0.865202211322134 0.857960537790191 0.864429104321099 0.822662333367585 0.790548844300193 0.845697818765939 0.879004829584947 0.838458977576983 0.78081115259582 0.68628233416416 0.701951120691812 0.703343747191475 0.683316155433788 0.697706988979061 0.695582746078891
0.597049215828479 0.579408584298841 0.586996290149241 0.652623709974441 0.635650501088022 0.619860612791956 0.594113607575403 0.625919277518163 0.636771920404624 0.658651706182113 0.638004913361931 0.704425134795803 0.649920801081833 0.62205560429227 0.641284110170426 0.71947997405205 0.755365383978506 0.722301310526189 0.714330737865522 0.857111969386109 0.844377465440117 0.773323792091481 0.795002560250159 0.863462117580412 0.829409738842969 0.774057281794936 0.87776604014416 0.839788142693354 0.865765341307235 0.912324076842557 0.840809253652621 0.836655601441714 0.826907005794563 0.86802202591079 0.800279140941565 0.818953368750023 0.839422728341384 0.821192932606054 0.862536596192274 0.867331514453816 0.846182199923501 0.726904175822568 0.75185480265721 0.742868025710572 0.715690113935075 0.711973040842046 0.653088695519375 0.589359475398581 0.631154377897482 0.647258957412633
0.731048069706721 0.694937957608515 0.650175817161051 0.636875746629937 0.617938651707154 0.617209828125532 0.629651958814682 0.632817941110129 0.603352626357005 0.675223593040828 0.693395759192934 0.693988499587071 0.653833266855225 0.611100524962119 0.622061187377789 0.67196420511249 0.719702667167193 0.719554542847111 0.69194942310133 0.791804297416154 0.8008932623011 0.804543067377473 0.822561228656266 0.838410619272463 0.873708834664505 0.870280673508155 0.845118477326884 0.871941874114801 0.87079286073928 0.89394457169112 0.833934648391602 0.81212805239268 0.838583219615463 0.846210342511304 0.763412621735564 0.826542080786306 0.841638722843162 0.882272135066953 0.856788004011703 0.829333239881401 0.81517805461026 0.622953815677388 0.83795193345518 0.75788789517612 0.657251544681238 0.64548143519374 0.734597620161095 0.689731770579851 0.671405563162897 0.627590927649859
0.686673660827775 0.630040307737603 0.620474402789879 0.605825022753858 0.654677255025429 0.629391487731579 0.712426825245441 0.667647592654451 0.692030345441229 0.660763595649635 0.781120960640031 0.682324632908018 0.641570227538414 0.606480672923286 0.634943754046652 0.644268224765462 0.643259937302722 0.71306676060533 0.800774155218457 0.851119954791885 0.84035800904375 0.835277954293308 0.796156572715312 0.854699635925452 0.879276295416026 0.882961310089748 0.836462427222314 0.87001758723004 0.861363585988564 0.843832279350535 0.794868070938097 0.843592068329026 0.894352137991929 0.833942879875657 0.826857142775769 0.88147467196525 0.86576156326808 0.892625545625585 0.846501991134718 0.855996184763907 0.704732154112441 0.619831692146663 0.859523215996944 0.710085920993267 0.651499490777606 0.765115228154635 0.794104495021385 0.743670937263998 0.728329462939407 0.63989725931956
0.599993323438029 0.601863839786754 0.613506710961953 0.636476176082827 0.661164682052487 0.77313317902065 0.744708406458024 0.705139866074331 0.63242615445788 0.70226997762287 0.772846977246932 0.726927246276346 0.627342066900015 0.635679092395326 0.649194391376474 0.704051437878725 0.672791178778517 0.837266787495285 0.844545128133364 0.834993350920403 0.878027059977042 0.849954901387625 0.81468066668535 0.813399640111391 0.861958250697824 0.78357877168765 0.859559819331176 0.860273241634536 0.863187540233882 0.878313021854554 0.867203973763679 0.902600280233629 0.85878431838603 0.815080299890439 0.859070539412247 0.83070597165234 0.876353383428704 0.886013772173166 0.888581437502174 0.793974913306433 0.70264878290296 0.618857696633824 0.625635614714861 0.694174883884347 0.744461411087455 0.721858950124666 0.831797533855536 0.781185187739422 0.740313638469921 0.663534548131693
0.73455704949217 0.685469709499401 0.602171038713174 0.673308375053305 0.654888675547716 0.724875393103233 0.761529656349663 0.749909028074776 0.716240745431306 0.730749149373135 0.716347522658434 0.762094256036265 0.691269543582594 0.698891738042525 0.772343706500984 0.735719499348443 0.775974649875772 0.835237748236495 0.851661670364542 0.83245613952913 0.849121268587311 0.861411363886981 0.882662312906571 0.841784029160974 0.85833020793174 0.879731954614625 0.866157513179681 0.859953461876886 0.873097236266226 0.883834316243702 0.859982973393012 0.854749036641343 0.846957183709282 0.859835976343963 0.868491366764946 0.888979113502856 0.874983131048018 0.872112128672426 0.88236827773099 0.70459919208249 0.673795385723418 0.759546725784303 0.585808930300484 0.731537070889943 0.674999094207166 0.804201264340373 0.724718412918931 0.604570966908043 0.568828211726116 0.522608669084722
0.788595774483284 0.75485041167368 0.617910927818899 0.784338584559516 0.771000001622786 0.745698569522621 0.769693580905374 0.741896979760046 0.761651100377562 0.816857690735199 0.755519331659556 0.729277405913223 0.74533882346393 0.806769390991231 0.704793711974736 0.739426949294347 0.843115421101755 0.818361692237805 0.800600147755455 0.832195162952604 0.829802436209491 0.818255600654739 0.836442385759023 0.873867425950922 0.875381743454895 0.860197845539847 0.846036145300072 0.870602287985013 0.849239623295316 0.850456052090704 0.803118951651466 0.85858461093373 0.860354648513783 0.861340827647066 0.84256442763961 0.819860409778252 0.872967167204422 0.882960787133449 0.827138994982897 0.755356467724135 0.713173597718288 0.73215222052305 0.701345730985899 0.727365890426398 0.806951310829099 0.790686093027795 0.772547568440901 0.69049208033393 0.521403110680356 0.582923964392137
0.691219127814711 0.635099015887935 0.649162514271547 0.714776834178059 0.718557350979488 0.771287306406329 0.78616828712698 0.704602713762211 0.776231505836971 0.795844173815767 0.772663020234284 0.766273852967795 0.708865885149034 0.763167467166746 0.826106684198428 0.781396725296599 0.715526408948537 0.733226757524646 0.781060988184705 0.770416324612288 0.79389571496572 0.875159866945117 0.883903158102607 0.88164972136855 0.859141795078886 0.885865063646423 0.861077517594026 0.881859306391244 0.85170099586219 0.877862600658706 0.816996610102411 0.853860621694473 0.894334649461565 0.882396314261185 0.877462165459373 0.880199689112745 0.870080647101691 0.835743244363071 0.835330058509529 0.875459902706575 0.755309533712763 0.727417646443784 0.787849642124744 0.798954764870831 0.792714280526575 0.81707281041068 0.720200411589199 0.545523601315029 0.539618144239955 0.565551044895408
0.627018246409035 0.719115152617331 0.724874571443774 0.706712207226561 0.74553778094035 0.731638993802735 0.70659607544165 0.72672419290249 0.727469801216238 0.811477348649675 0.840731811870062 0.788558754657468 0.761958830592377 0.776560417837899 0.78325665183398 0.801313393317068 0.811013584298193 0.842663155513576 0.88456166054016 0.705535661874728 0.848909460985135 0.851951376450761 0.881309184394401 0.861687708757098 0.870285003631921 0.874584268759935 0.869366380377735 0.878643377931085 0.888521521827759 0.85698290910091 0.847438700201209 0.815395982136001 0.882791808303842 0.887520972138456 0.887858032851278 0.836522920822379 0.706541282615686 0.772606132584233 0.822063048167549 0.836147822716124 0.776246257489413 0.672059845011843 0.862521944375824 0.74201667404986 0.766561822324846 0.774426502212529 0.741538210540782 -9999 -9999 0.570374683009281
0.707212782970763 0.719827648230094 0.709131563869213 0.685698347678623 0.750707165542594 0.581057483061189 0.748753264216935 0.813122451166109 0.787445166013885 0.615338180015189 0.772445411034564 0.749187618367721 0.584960703079127 0.783982561772944 0.844460973608058 0.784134304816517 0.78924553839678 0.798655409897409 0.823974971761614 0.822873239668717 0.866309799131217 0.841957894780897 0.880097438140853 0.881291143467816 0.859316852702041 0.842129395008471 0.877409880282744 0.861995617544245 0.871323604642887 0.859910946487321 0.868095426020793 0.869725696285369 0.906876347484777 0.881352151783765 0.823932172423241 0.655145927129124 0.785602809667603 0.827786224229435 0.791109159796106 0.813694640124498 0.637029251439811 0.804140226386517 0.877015331218326 0.761016699698826 0.692185108136008 0.801324388073416 0.754391558233031 0.887082589977419 0.566927903205073 0.590649804679478
0.787740457037014 0.74250592086713 0.698071353570312 0.791068994512283 0.653725637143846 0.551170352632903 0.806898748294249 0.659652913703575 0.731517181971964 0.575040975134163 0.606828521674247 0.703453693945479 0.715717741114353 0.816710889917855 0.804490814227861 0.853649871424971 0.815343998889409 0.821251566541352 0.844805269746123 0.81639996748502 0.842801329916961 0.845690935577054 0.824801947160977 0.828221802111116 0.843440060935908 0.85620324243893 0.88745254803577 0.866459289791845 0.866184485217153 0.852931763832585 0.894817907835819 0.84765927691338 0.892765987719977 0.937634784317793 0.838109868128932 0.769076901351109 0.843603963422087 0.809625457242308 0.847130457072885 0.766832809204144 0.801209480504356 0.822631128553877 0.829868616358093 0.721473915685596 0.718663169873221 -9999 0.735185549917784 0.707684277237143 0.592193321351991 0.59630102503861
0.754233643654311 0.728692874633713 0.761272976853422 0.743666055474198 0.669061532498523 0.722049176390417 0.704420556390937 0.635374218356216 0.594752703618496 0.556423839958433 0.611355942637741 0.663429472397519 0.779016655577462 0.812427523411437 0.808162055764716 0.85445997361635 0.84834549444801 0.845392175972745 0.825901179473268 0.860799027532938 0.80721012868746 0.862460373832303 0.820783002718117 0.724690300740572 0.860517323547215 0.883864898972191 0.860317566252527 0.840795756338841 0.870663214813029 0.891210190228012 0.869619797156991 0.948765856968146 0.939962160258108 0.865902863519967 0.802718454733688 0.848316173297286 0.865684219936312 0.825476019035242 0.859189357764815 0.803468676852933 0.78491563874368 0.818914250213465 0.829117395451121 0.838743381133815 0.782218261035949 0.781560515883205 0.688372292049158 0.641836027698621 -9999 -9999
0.718425797740138 0.711685740215766 0.7393975796818 0.721747473770008 0.571921233544562 0.751691291615985 0.715285033179639 0.636356701856204 0.812174078037405 0.720670983570695 0.651540405484459 0.770154943161319 0.801420310094404 0.810036943021546 0.82062374145585 0.81649308139945 0.840625353240037 0.816089813184601 0.746817766066491 0.826735274379469 0.820082409385311 0.861649593566544 0.821223204957076 0.8542796368541 0.840932444885525 0.825914325353654 0.88401532845866 0.865738372238569 0.769403695047017 0.865632217601044 0.836019632529192 0.905152437678532 0.860426934056455 0.781941955529408 0.8471307528219 0.892290400595904 0.868835825798115 0.876358338449575 0.857211129669147 0.849961933526559 0.827844321811819 0.816007018844454 0.820803945148757 0.801651559425769 0.834670007231166 0.813143780834017 0.624248624148054 0.723370546586486 0.610027422563838 -9999
0.690916719204894 0.727204961780197 0.634096283560769 0.700752461170167 0.638483550537026 0.600717402933524 0.750984393038008 0.600583646490201 0.692070555074052 0.748127252632495 0.78607549612758 0.7270282184556 0.810573838004609 0.803010297939999 0.794827908512289 0.731497060258073 0.828566514887141 0.81058349212234 0.783770467892826 0.7673447432568 0.757086467064682 0.882751159255699 0.848939464246067 0.928949975817115 0.910644794261798 0.762756959792274 0.835040251777669 0.816596119859723 0.831396871385644 0.866024004283243 0.915550451311642 0.895471070759344 0.888098126771099 0.909518298949851 0.875663676974687 0.873266267306272 0.836475561764721 0.839530348301664 0.77548523634463 0.822419670563158 0.784387119595951 0.821090802365792 0.829745041143456 0.791413615823212 0.727496210953392 0.704719592736258 0.798227233466578 0.675744441181008 -9999 -9999
0.732531924257201 0.702323240975832 0.706078336242772 0.656671085571063 0.677337828965626 0.782551149811736 0.769717217973473 0.703156748190722 0.735132527731933 0.678565086017175 0.822485218333394 0.788483666649727 0.785531307749198 0.834708585340505 0.788822211061774 0.718688365455073 0.818409424034938 0.827690413469964 0.806402302210345 0.829688141405947 0.811829243467947 0.867949331712145 0.888477579511054 0.883269970489636 0.90624685211149 0.811542930325999 0.886234270625382 0.889585782845997 0.870453273344772 0.858881631036424 0.877832929920863 0.88508629033599 0.841665264055108 0.834435208745286 0.854212317693788 0.844008909363593 0.869776767576815 0.879334795070661 0.812016452615884 0.851454593458461 0.781292711566372 0.876132822326386 0.862598801442632 0.659814720612561 0.785651915012803 0.723333758776436 0.772909473589406 0.7091916258064 0.645323338339372 0.60381793671363
0.697802814683162 0.804287525244734 0.590849909537126 0.69140052701037 0.690451041263334 0.747556251087929 0.773707346900021 0.74845829682973 0.729064501368644 0.76742471356453 0.716117745650563 0.784127365545172 0.815703901259177 0.831148167711459 0.803449720633884 0.784737822967268 0.766086538283455 0.779398830800258 0.805571862382725 0.827793971091284 0.886203450215405 0.923190847036048 0.915895151521519 0.736692347173465 0.835008116648971 0.840466372432322 0.783911424655179 0.833459066036127 0.893478701015729 0.895461014472488 0.882600261068967 0.826029122693925 0.849400861858442 0.842971125448689 0.836528437476327 0.814634220183981 0.780885359698261 0.825149986152049 0.829983459010551 0.767024569911859 0.829316536282315 0.903577952171026 0.808746890914036 0.753391612144036 0.747278642825711 0.711391497532942 0.771361599682364 0.648692300897338 0.587596616769354 0.575587687587524
0.593031263428242 0.637376836034307 0.64024883476912 0.764123207481256 0.762699082522831 0.747337997430448 0.72821797218723 0.710842317539079 0.85102761501975 0.783726882404826 0.754814033443749 0.738939742654517 0.827000503096649 0.817557460366034 0.826949003493371 0.852307295228883 0.79954095734212 0.753175029940827 0.916197962277384 0.810016963269553 0.860526445904962 0.829742039770081 0.793658618198284 0.752391013489284 0.852051514479588 0.77842804893709 0.82685876021387 0.776149477422918 0.866331543181706 0.829679863697542 0.813920814930543 0.886808688099343 0.824722302263827 0.835500559615451 0.835680067515272 0.837040189220329 0.792603776275643 0.835864588806336 0.8001852034961 0.818760678047634 0.84005440736564 0.842623505919803 0.800812134446449 0.799347364297998 0.812830863357642 0.755800096994295 0.768737759737691 0.721163316034478 0.593134788694045 0.642103436752284
0.69231518112487 0.692070030952818 0.632971129117837 0.741713283758132 0.763557898530465 0.747316991613664 0.711926072900514 0.774839472628059 0.822806797656684 0.78469249122979 0.773498538128666 0.744228089881059 0.839771582208125 0.768955973225627 0.821236961281643 0.767685917776407 0.794797014047771 0.82913729935878 0.817270433891642 0.786041525842661 0.830726221628533 0.748105005353456 0.805953465217975 0.81827397196963 0.749126479613722 0.797375293425151 0.812516341097181 0.82754566792154 0.835688339063928 0.905852024165959 0.853983220147278 0.792765785697375 0.788198629014289 0.746020385947111 0.806401584553935 0.810876596948081 0.819724071280153 0.804069409461661 0.812829622526039 0.79200456927966 0.823968787552368 0.82692520316878 0.790529664689774 0.805057792705988 0.753631615418072 0.702088022180732 0.691536328766587 0.740239935677701 0.722179978126503 0.622672860227938
