Post-hoc_landscape_analyses/Environmental_files/WNV_rasters/Eastern_flyway_normalised.asc
NCOLS 312 
NROWS 173 
XLLCORNER -128.0000208 
YLLCORNER 18.9999684 
CELLSIZE 0.20833325 
NODATA_value -9999 
[rows 44 to 65 of 173, columns 200 to 249 of 312]
-9999 -9999 -9999 -9999 -9999 -9999 0.690837077726811 0.63042723476255 0.711967242286993 0.722167976594522 -9999 -9999 -9999 -9999 -9999 -9999 -9999 -9999 -9999 -9999 -9999 -9999 -9999 -9999 -9999 -9999 -9999 -9999 -9999 -9999 -9999 -9999 -9999 -9999 -9999 -9999 -9999 -9999 -9999 -9999 -9999 -9999 -9999 -9999 -9999 -9999 -9999 -9999 -9999 -9999
-9999 -9999 -9999 -9999 -9999 0.797147969600019 0.738627882463049 0.650860518778502 0.654379619783632 0.651024735823214 0.708044575556104 0.686287989460503 -9999 -9999 -9999 -9999 -9999 -9999 -9999 -9999 -9999 -9999 -9999 -9999 -9999 -9999 -9999 -9999 -9999 -9999 -9999 -9999 -9999 -9999 -9999 -9999 -9999 -9999 -9999 -9999 -9999 -9999 -9999 -9999 -9999 -9999 -9999 -9999 -9999 -9999
-9999 -9999 -9999 -9999 0.638842879488328 0.588908648157948 0.636348519634996 0.733170440468448 0.740645632590712 0.747172995994156 0.68101997542932 0.709837003175935 0.661006657894206 0.757230445418896 -9999 -9999 -9999 -9999 -9999 -9999 -9999 -9999 -9999 -9999 -9999 -9999 -9999 -9999 -9999 -9999 -9999 -9999 -9999 -9999 -9999 -9999 -9999 -9999 -9999 -9999 -9999 -9999 -9999 -9999 -9999 -9999 -9999 -9999 -9999 -9999
-9999 -9999 0.535810773891103 0.605718257122537 0.655741952260044 0.730592924539625 0.724884029955477 0.698153340967523 0.700966656967077 0.751044978950675 0.72650508208359 0.696603812819885 0.670587713436251 0.640511003756705 0.772479403124352 -9999 -9999 -9999 -9999 -9999 -9999 -9999 -9999 -9999 -9999 -9999 -9999 -9999 -9999 -9999 -9999 -9999 -9999 -9999 -9999 -9999 -9999 -9999 -9999 -9999 -9999 -9999 -9999 -9999 -9999 -9999 -9999 -9999 -9999 -9999
-9999 0.685912432046896 0.655577723009314 -9999 0.550090295779502 0.743545062922031 0.756379092732405 0.763258370081456 0.713004989732524 0.728188304889469 0.77462582905037 0.703367201464129 0.739689011372712 0.746132024442094 -9999 -9999 -9999 -9999 -9999 -9999 -9999 -9999 -9999 -9999 -9999 -9999 -9999 -9999 -9999 -9999 -9999 -9999 -9999 -9999 -9999 -9999 -9999 -9999 -9999 -9999 -9999 -9999 -9999 -9999 -9999 -9999 -9999 -9999 -9999 -9999
0.649319665823667 0.76775435725667 0.653215959200885 0.521739948826685 0.780690985913723 0.687477217246137 0.746833786890013 0.737122137747934 0.76160381598353 0.694416103157172 0.765381361917875 0.78390938121303 0.792164644897778 0.70836420813995 0.730215384042506 -9999 -9999 -9999 -9999 -9999 -9999 -9999 -9999 -9999 -9999 -9999 -9999 -9999 -9999 -9999 -9999 -9999 -9999 -9999 -9999 -9999 -9999 -9999 -9999 -9999 -9999 -9999 -9999 -9999 -9999 -9999 -9999 -9999 -9999 -9999
0.668873363668971 0.704588738642753 0.708090746370318 0.714394693971692 0.711165983605646 0.747105153740659 0.728893375199552 0.671737646409164 0.710300731250726 0.744970934223075 0.776598901987349 0.703578173660735 0.720535175982704 0.711266123263277 0.622360018141417 -9999 -9999 -9999 -9999 -9999 -9999 -9999 -9999 -9999 -9999 -9999 -9999 -9999 -9999 -9999 -9999 -9999 -9999 -9999 -9999 -9999 -9999 -9999 -9999 -9999 -9999 -9999 -9999 -9999 -9999 -9999 -9999 -9999 -9999 -9999
0.651396447280794 0.720662276291103 0.718014635985649 0.772999046321671 0.640497417133235 0.644616626932861 0.645662721245146 0.616085123897654 0.726868660579524 0.761059649935533 0.723686320423393 0.686055005105269 0.742776825530873 0.672888579796111 -9999 -9999 -9999 -9999 -9999 -9999 -9999 -9999 -9999 -9999 -9999 -9999 -9999 -9999 -9999 -9999 -9999 -9999 -9999 -9999 -9999 -9999 -9999 -9999 -9999 -9999 -9999 -9999 -9999 -9999 -9999 -9999 -9999 -9999 -9999 0.636912038366964
0.696245237903874 0.717522434451426 0.757381235442406 0.766195211823442 0.731085261276419 0.64697672310176 0.653647727399032 0.746353660010654 0.628049872206204 0.693845226387043 0.722959152687934 0.626397821144304 0.663929442589191 0.689965630789213 -9999 0.530106556953588 0.556718881138586 -9999 -9999 -9999 -9999 -9999 -9999 -9999 -9999 -9999 -9999 -9999 -9999 -9999 -9999 -9999 -9999 -9999 -9999 -9999 -9999 -9999 -9999 -9999 -9999 -9999 -9999 -9999 -9999 -9999 -9999 -9999 0.596752425358473 0.637740563300295
0.717304675943304 0.768015620965463 0.764331317030611 0.713149253616599 0.71439048201445 0.593969807377722 0.723826793006033 0.621837614197035 0.713427785055548 0.725150342776345 0.713463988666811 0.619731670839411 -9999 -9999 0.55214860176549 0.528714402090417 0.5926416051872 0.565544632426947 -9999 -9999 -9999 -9999 -9999 -9999 -9999 -9999 -9999 -9999 -9999 -9999 -9999 -9999 -9999 -9999 -9999 -9999 -9999 -9999 -9999 -9999 -9999 -9999 -9999 -9999 -9999 -9999 -9999 -9999 0.543390301664324 0.66661614812194
0.690329224652247 0.707717161300594 0.713772045343371 0.729823200714213 0.636113937305969 0.700086690120293 0.658551187212469 0.593233223362626 0.729413445753976 0.734172099997196 0.636694624879372 0.591467228609641 0.529109797009767 0.526655015574508 0.528932050337509 0.621551950113462 0.571610920515093 0.592216109778363 -9999 -9999 -9999 -9999 -9999 -9999 -9999 -9999 -9999 -9999 -9999 -9999 -9999 -9999 -9999 -9999 -9999 -9999 -9999 -9999 -9999 -9999 -9999 -9999 -9999 -9999 -9999 -9999 -9999 -9999 0.61214806275959 0.758184072530723
0.72975414140129 0.612840088142635 0.702723970663323 0.7522029280551 0.675753734019076 0.65633638413521 0.605058674000226 0.613455293509917 0.589741956170104 0.621837084261173 0.640558055065444 0.548523739022568 0.529953080678242 0.609079852083911 0.664381764903653 0.590115919138369 0.565408442436981 0.562321476836284 -9999 -9999 -9999 -9999 -9999 -9999 -9999 -9999 -9999 -9999 -9999 -9999 -9999 -9999 -9999 -9999 -9999 -9999 -9999 0.571593230410118 0.577402968730075 -9999 -9999 -9999 -9999 -9999 -9999 -9999 -9999 0.709382842770213 0.681537555881182 0.755377094427863
0.657034534996236 0.664896210088514 0.573206760614437 0.652630844177103 0.532012648648149 0.626284971928093 0.621163759712929 0.568144985040636 0.558015088380186 0.719871570609847 0.621039062630239 0.636705469794085 0.679822779090316 0.667520561434231 0.657302371652494 0.600977631847857 0.623918134621027 0.579866486441061 0.64445658620868 -9999 -9999 -9999 -9999 -9999 -9999 -9999 -9999 -9999 -9999 -9999 -9999 -9999 -9999 -9999 -9999 0.676245658902325 0.673880291078704 0.658970944046036 0.659274025253357 0.641182768193011 0.705347444321533 0.698035491334067 0.717846091553805 0.741543824732746 0.641561025715043 0.694846416517157 0.632044784161016 0.671450127310926 0.628941150680215 0.634418651453427
0.708487963238576 0.622194809153526 0.595600691089203 0.696110460333193 0.666542907652102 0.617515364365032 0.618820904733817 0.591571406382538 0.547226624080384 0.556729598086744 0.565787560182371 0.5419223996034 0.669745426698185 0.680832871004195 0.650712695735207 0.622119890839738 0.665091391047473 0.64902369240999 0.743221434630979 -9999 -9999 -9999 -9999 -9999 -9999 -9999 -9999 -9999 -9999 -9999 -9999 -9999 -9999 -9999 -9999 0.56772950029247 0.680848341667724 0.66589813680887 0.642202154451222 0.694169239716165 0.679050942948462 0.636955613273989 0.683949537436777 0.588091354857346 0.62677309450515 0.66593028391996 0.59712651951062 0.604659533368634 0.735043886881783 0.704931533488602
0.672595574838175 0.587309301097047 0.599189761343722 0.634422265343554 0.654048604907228 0.595312613501254 0.5648771588265 0.608372081341754 0.629669213547489 0.636242904738428 0.580731254520497 0.623411276952277 0.645455320372176 0.668912654268499 0.672770436633898 0.665029069719738 0.638325546755847 0.72854213058287 0.706515732410445 -9999 -9999 -9999 -9999 -9999 -9999 -9999 -9999 -9999 -9999 -9999 -9999 -9999 -9999 -9999 -9999 0.615258537396939 0.715091503888133 0.786203991998794 0.75547187992904 0.702097672885266 0.609024529964367 0.658560645813327 0.748057391132996 0.667829853200622 0.612728312740674 0.577234726457922 0.558913947530165 0.616873356876051 0.682817146422407 0.749639009143244
0.604054771799387 0.712300792587582 0.642744263219087 0.612117739722346 0.711581112294648 0.672305680830504 0.61962321974076 0.642827454854526 0.633906554044176 0.631765576628368 0.648327219505014 0.647447488764623 0.695079881298622 0.673776488336512 0.692326222282523 0.679326045026464 0.681660197599483 0.545016022510921 0.680650805851256 -9999 -9999 -9999 -9999 -9999 -9999 -9999 -9999 -9999 -9999 -9999 -9999 -9999 -9999 0.669437027490463 0.801888518149126 0.786247744542759 0.798721096150471 0.791869520418496 0.738606690011107 0.748180006322527 0.7450154837104 0.731288638279884 0.779954560477998 0.717689738117 0.71011273196179 0.625515034760409 0.618910249551075 0.745718992595408 0.691145081804115 0.755822253283581
0.641167794921216 0.687501525450112 0.639778045130432 0.66329052678861 0.629421521126501 0.687463708353556 0.603363892223154 0.642370819838285 0.608235648110917 0.606409813281983 0.67129259316946 0.700296011662922 0.676341564327268 0.653853029082819 0.706151557967869 0.70406430961857 0.684199886993856 -9999 -9999 -9999 -9999 -9999 -9999 -9999 -9999 -9999 -9999 -9999 -9999 -9999 -9999 -9999 0.800543592123146 0.735562274371954 0.780819971466131 0.779471348845204 0.782135124119758 0.81225243690994 0.773858138860585 0.776288659173968 0.813034433522788 0.804089704262156 0.749196805224201 0.676854365815651 0.759509268308156 0.678355553029497 0.690609371679899 0.73039777684024 0.781151447245068 0.712664407322454
0.60788852202753 0.632782429199478 0.646168231276752 0.662180076208684 0.61977360929721 0.676393637504103 0.628119235541879 0.667992399606261 0.673702659788945 0.690272489340546 0.636971056026984 0.595580403812438 0.668383594355025 0.672437896306164 0.712202463925105 0.622674358943419 -9999 -9999 -9999 -9999 -9999 -9999 -9999 -9999 -9999 -9999 -9999 -9999 -9999 -9999 0.747930482380367 0.781483049095225 0.810679498847013 0.750506888267149 0.806398095614843 0.814379548132299 0.810228556250677 0.815207081978707 0.816443779784807 0.765642123533152 0.773435660479586 0.801683524460301 0.786165798219624 0.742127525361699 0.762647024409116 0.763900255393426 0.778554368482221 0.747611342089187 0.739519872839893 0.745580023658158
0.59605071671031 0.617061485885275 0.613733096150616 0.600405852368001 0.595348721208752 0.57095037504181 0.627686238241886 0.602689752629491 0.674532246915584 0.62670684605074 0.636132697535073 0.574772091116563 0.57827759777844 0.650259269235135 0.604282482834684 -9999 -9999 -9999 -9999 -9999 -9999 -9999 -9999 -9999 -9999 -9999 -9999 0.553224641030321 0.785305272512087 0.85369415852066 0.732741308612118 0.814007713737024 0.792707719699353 0.826853400518805 0.804844647282996 0.790161638482254 0.808997100799068 0.801230193197552 0.782058757913687 0.771179000018548 0.775504641323939 0.783465561103461 0.789758270738943 0.757390192271068 0.779147950045527 0.772690110946678 0.764487729122719 0.741952994876771 0.657520934956949 0.756341828889239
0.641524965171343 0.643183386694197 0.632993956945606 0.604445925011513 0.611559316411073 0.598323239623305 0.657043169916228 0.608215749332687 0.578719488593873 0.594891683950937 0.578855359037081 0.575487793880273 0.647865666515517 0.579997840341331 0.61313475163048 -9999 -9999 -9999 -9999 -9999 -9999 -9999 -9999 -9999 0.715797692148842 0.791592923591376 0.768405277253086 0.810220124644805 0.852777779861722 0.850377432732892 0.811787829561879 0.801644381041192 0.81228170582125 0.777244267703924 0.798096117860582 0.795882739582458 0.78306689407585 0.808847068441844 0.813773337504422 0.812121207805139 0.81144301117607 0.788783050309773 0.793524182380398 0.787678444366025 0.755657656367645 0.744135769629577 0.709960349317608 0.71597600064951 0.743182186525109 0.745960310909116
0.611909018678624 0.567695872843319 0.611463564603116 0.551157422162757 0.551442135538794 0.552094355097374 0.591991210703163 0.558784358059433 0.579128725324141 0.592287984453488 0.600991866395091 0.650774804421722 0.688201900814194 0.614936076015612 0.587107683314682 0.53362519129727 0.553801917780197 -9999 -9999 -9999 0.619113061806572 -9999 0.723338469224912 0.748538898969745 0.790978356807433 0.797063205502114 0.748067464732507 0.712920296940005 0.703453036927941 0.824753544818095 0.862707766306398 0.861976608671147 0.819065171920234 0.793301715836982 0.789598968740907 0.776052584052674 0.801534244514459 0.802842712731129 0.819975013084014 0.816090815664477 0.791283687750898 0.797829048637906 0.7831854640781 0.76976744567493 0.761826605549984 0.780730484605889 0.76846842902288 0.779248691376928 0.744974102048505 0.761964087603055
0.585070106508516 0.567222426711462 0.587931824786876 0.568339517882578 0.571959274906975 0.595832574740486 0.629815100284448 0.600338116145715 0.58082962739397 0.574240440343174 0.608460448310793 0.584834046608827 0.581662396596564 0.593596291303987 0.649083135013852 0.589937722620921 0.633552926529572 0.661306704183325 0.670970747072859 0.702779979063014 0.630321796332732 0.748895082607275 0.753918452035918 0.735129984297183 0.773436300025815 0.758232878284412 0.727085693472716 0.74322820124774 0.752333070637977 0.819921718488627 0.807400450471584 0.840463334936452 0.854188522190874 0.798682768155331 0.772333894946799 0.792352386529003 0.788362989049326 0.817189856248852 0.806276271740929 0.801721718554522 0.801402956369565 0.794490733848456 0.786606442622624 0.782377915230492 0.750385153124162 0.776638061962424 0.763585563051548 0.799972667430267 0.77223637164249 0.780814176240652
