Post-hoc_landscape_analyses/Environmental_files/WNV_rasters/Land_cover_savannas_WNV_16.asc
NCOLS 390 
NROWS 216 
XLLCORNER -128.0000208 
YLLCORNER 18.9999684 
CELLSIZE 0.1666666 
NODATA_value -2147483647 
[rows 111 to 147 of 216, columns 164 to 245 of 390]
0 0 0 0 0 0 0 0 0 11 0 0 0 0 0 0 0 0 0 0 0 0 0 2 27 18 37 21 2 2 2 0 0 6 3 3 0 0 2 2 0 7 0 1 0 9 10 4 10 60 10 15 18 43 36 12 7 0 0 0 0 0 0 0 0 0 0 0 0 0 0 0 0 0 0 0 0 0 2 0 0 0
0 0 0 0 0 0 0 0 0 13 3 0 0 0 0 0 0 0 0 0 7 5 8 1 49 148 53 58 32 1 12 0 48 13 3 12 0 0 0 3 0 1 15 3 0 0 3 51 44 5 8 74 50 28 55 26 7 0 0 0 0 0 0 0 0 0 0 0 0 0 0 0 0 0 0 0 0 0 0 0 0 0
0 0 0 0 0 0 0 0 0 0 0 3 1 0 0 0 0 0 0 0 47 25 16 21 38 76 137 37 0 0 0 9 85 94 59 62 18 1 24 75 4 6 10 1 2 1 7 25 12 1 0 27 22 45 72 34 12 0 0 0 0 0 0 0 0 0 0 0 0 0 0 0 0 0 0 1 2 0 0 0 0 0
0 0 0 0 0 0 0 0 2 1 0 1 5 0 0 0 0 0 0 3 17 16 13 7 63 57 91 67 13 51 0 14 62 92 155 139 89 20 107 54 26 27 3 0 1 28 11 17 4 1 4 5 1 22 51 56 0 0 0 0 0 0 0 0 0 0 0 0 0 0 0 0 0 0 0 0 2 0 0 0 0 0
0 0 0 0 0 0 0 0 0 0 0 1 0 0 0 0 0 0 0 45 102 14 4 21 50 69 49 95 29 3 1 0 108 189 171 104 62 27 16 16 0 1 0 0 0 0 0 0 1 2 6 1 7 13 75 3 0 0 0 2 0 0 0 0 0 0 0 0 0 0 0 2 3 0 0 0 0 0 0 0 0 0
0 0 0 0 0 0 0 0 0 0 0 0 0 0 0 0 0 0 0 12 27 51 12 42 64 94 75 119 61 2 0 4 44 215 154 247 240 283 179 128 170 107 146 113 31 6 1 9 53 74 3 15 9 8 4 1 0 0 0 0 0 2 0 0 1 0 0 0 0 0 4 17 0 2 0 13 12 4 7 0 0 14
0 0 0 0 0 0 0 0 0 0 0 0 0 0 18 0 0 0 0 0 39 12 2 0 38 10 19 46 103 108 14 41 40 9 8 5 33 161 93 122 102 78 128 134 197 104 78 199 275 247 179 57 95 111 69 0 0 0 0 0 0 0 0 2 2 1 0 0 2 0 0 2 17 0 1 3 5 2 9 0 0 0
0 0 0 0 0 0 0 0 0 0 0 0 0 0 13 0 0 0 0 7 117 41 33 53 61 38 30 164 113 76 72 90 89 81 112 30 103 182 315 295 91 22 45 86 99 144 34 94 224 112 94 69 115 151 114 17 2 3 0 0 0 0 0 31 106 107 10 0 0 0 10 1 28 0 30 7 1 4 1 0 0 0
0 0 0 0 0 0 0 0 0 0 0 0 0 0 2 0 0 0 3 2 85 57 36 111 119 16 112 245 92 64 112 262 229 193 281 275 72 253 257 296 128 95 97 192 147 124 109 112 87 196 81 165 186 57 3 8 3 0 0 0 2 0 3 50 36 163 39 27 2 0 18 0 8 18 54 1 1 0 0 0 0 0
0 0 0 0 0 0 0 0 0 0 0 0 0 0 0 0 0 0 0 0 5 20 11 38 204 165 86 127 149 76 176 210 211 278 244 203 149 138 74 149 25 82 86 78 53 70 141 115 76 155 206 262 149 7 3 5 4 0 0 0 0 7 1 76 196 237 145 47 3 18 83 42 32 157 66 3 0 17 10 0 0 0
0 0 0 0 0 0 0 0 0 0 0 0 4 1 0 0 0 1 1 1 0 4 25 26 95 149 125 79 110 140 287 223 219 238 186 51 62 19 30 54 38 7 71 122 18 116 84 110 206 188 157 58 20 0 0 9 2 0 0 1 1 4 1 5 45 74 121 215 50 67 208 98 49 23 86 32 47 43 25 0 5 0
0 0 0 0 0 0 0 0 0 0 0 0 0 0 0 0 1 0 1 1 22 4 18 28 100 57 35 85 325 305 333 173 147 125 84 100 54 167 200 182 160 101 103 6 75 176 191 149 258 280 126 27 0 3 1 2 9 0 0 0 9 6 2 2 4 31 7 26 99 112 113 44 117 46 50 29 18 68 28 0 1 27
0 0 0 0 0 0 0 0 0 0 0 0 0 0 0 0 0 0 0 1 70 155 57 112 83 40 35 136 298 243 244 258 210 148 128 65 160 208 42 1 12 62 118 118 219 182 156 176 28 53 54 40 0 2 1 0 2 8 0 0 0 2 3 3 30 103 89 134 81 133 185 46 73 110 80 163 35 75 70 6 9 1
0 0 0 0 0 0 0 0 0 0 0 0 0 0 0 0 0 5 0 0 9 28 85 209 101 29 80 57 119 174 306 340 306 199 106 26 74 92 97 84 154 71 135 114 51 146 134 110 43 129 56 176 22 0 0 0 15 4 7 2 1 2 23 3 155 142 157 135 131 285 232 84 195 126 115 221 130 60 156 13 1 0
0 0 0 0 0 0 0 0 0 0 0 0 0 0 0 0 0 0 1 29 60 114 179 38 117 34 61 75 116 105 135 219 242 229 206 215 155 158 132 145 88 114 93 47 121 208 97 45 19 15 24 52 45 4 3 9 13 7 8 10 0 4 5 42 186 87 147 109 68 99 151 33 197 149 48 165 169 127 102 91 37 36
0 0 0 0 0 0 0 0 0 0 0 0 0 0 0 0 1 0 29 27 52 102 134 124 92 19 27 19 6 58 118 101 252 221 109 177 157 126 100 176 33 132 162 120 56 50 46 49 22 16 23 59 127 50 0 6 23 23 0 0 0 1 0 27 181 39 79 71 75 120 195 97 141 164 74 119 92 221 145 255 263 136
0 0 0 0 0 0 0 0 3 0 0 0 0 0 0 0 0 2 7 24 21 64 49 91 114 47 28 67 81 71 184 168 171 207 233 220 156 181 74 124 22 155 164 190 86 38 4 61 57 33 8 45 75 90 14 0 8 5 5 0 0 0 3 94 145 144 99 130 65 175 212 201 134 167 157 141 75 90 36 81 178 191
0 0 0 0 0 0 0 0 0 0 0 0 0 0 0 0 0 0 2 0 0 36 33 0 8 20 4 31 21 9 20 8 84 144 237 224 225 146 142 187 148 154 231 81 40 6 52 84 63 71 50 140 87 107 6 0 25 0 0 0 0 0 1 98 222 132 52 58 141 139 142 263 233 258 188 109 79 52 156 28 11 88
0 0 0 0 0 0 0 0 0 0 0 0 0 0 5 0 15 2 25 0 2 29 2 0 8 5 0 8 13 18 36 83 200 277 269 248 258 300 253 276 322 121 132 135 66 39 24 63 23 42 128 120 85 63 11 1 31 41 0 0 0 5 8 173 91 199 138 68 66 25 100 239 272 219 165 58 230 93 161 94 26 140
0 0 0 0 0 0 0 0 0 0 0 1 2 1 3 13 4 2 0 0 0 30 3 0 10 28 14 23 60 82 37 61 94 202 269 199 245 149 85 180 222 89 43 72 159 41 17 119 130 40 29 27 84 61 18 12 4 3 5 0 0 4 30 166 93 138 58 41 67 33 28 81 225 123 80 64 112 152 228 224 156 236
0 0 0 0 0 0 0 0 0 0 0 3 3 29 25 0 0 0 3 0 28 28 21 0 19 15 5 62 53 28 38 39 147 243 247 310 328 240 272 354 262 66 54 114 42 6 3 37 43 28 12 14 94 23 2 27 27 7 3 0 0 40 92 252 160 142 165 41 48 199 162 14 139 137 148 89 72 218 271 177 118 94
0 0 0 0 0 0 0 0 0 0 0 14 155 178 90 35 0 7 3 23 0 13 0 8 0 2 75 153 35 108 134 103 184 232 230 260 331 252 248 254 206 109 49 160 105 57 14 33 123 98 34 22 88 13 0 55 13 8 1 7 23 79 132 131 221 107 132 94 100 174 201 133 70 202 179 178 106 107 147 35 130 124
0 0 0 0 0 0 0 0 0 0 0 34 126 215 153 25 0 2 6 4 0 11 31 46 28 10 31 44 67 121 219 316 340 304 334 370 263 333 254 86 155 127 57 74 91 144 85 122 103 154 81 69 106 3 2 15 27 73 63 45 28 168 142 171 190 131 140 172 179 245 214 98 101 90 316 194 296 167 199 61 112 31
0 0 0 0 0 0 0 0 0 0 1 25 155 64 55 12 24 13 0 0 0 14 54 25 69 62 28 61 20 63 200 273 320 356 380 320 361 370 305 212 222 134 193 159 255 90 177 228 246 235 216 153 54 1 8 14 5 70 115 70 38 175 237 226 174 64 131 151 183 200 217 152 136 98 166 176 158 207 256 240 198 137
0 0 2 3 1 0 0 0 0 1 0 4 130 104 8 51 57 31 32 0 0 0 0 1 11 74 98 50 64 88 282 247 309 360 365 344 381 307 376 348 329 195 208 176 168 63 54 76 92 131 212 192 18 19 66 62 14 27 131 170 215 301 332 175 197 224 109 221 159 192 126 265 199 89 56 131 181 280 179 299 268 299
0 0 0 20 43 56 12 0 29 3 0 0 0 1 0 98 134 82 63 30 0 0 22 7 8 85 154 109 130 152 281 242 323 283 368 353 327 374 342 346 347 336 177 197 234 76 89 138 132 57 60 98 31 12 5 147 91 70 172 232 255 366 314 328 215 247 115 88 116 199 102 203 152 92 93 110 107 188 167 197 268 199
0 0 0 2 4 1 0 0 0 0 0 0 0 0 0 1 24 86 104 129 1 0 0 16 5 59 33 178 173 169 316 217 317 228 354 358 327 332 326 288 314 296 271 197 141 43 23 81 135 56 61 193 128 6 17 89 36 37 125 120 214 317 357 302 265 222 93 145 143 154 114 212 96 23 70 186 87 195 180 160 161 292
0 0 0 0 0 12 0 0 0 0 4 4 0 1 3 6 70 132 155 126 30 0 0 29 25 69 165 205 243 209 354 337 344 331 336 347 356 350 294 282 169 168 178 154 116 148 60 73 145 101 100 104 155 85 53 59 52 68 217 119 200 295 324 227 269 378 289 232 337 254 163 153 201 58 84 67 96 147 62 211 109 170
0 0 1 0 0 0 0 1 1 1 2 0 8 0 5 13 34 94 105 43 45 1 0 5 16 76 175 165 230 216 356 282 344 323 333 322 361 320 352 272 86 111 183 256 195 128 179 104 5 61 120 110 167 114 104 73 123 184 95 128 237 297 217 295 371 371 349 330 388 335 254 267 190 155 110 80 90 159 91 60 94 89
0 0 0 0 0 0 0 1 21 0 0 0 0 0 0 37 52 96 83 44 18 3 0 0 49 87 29 109 222 196 323 231 336 329 326 351 271 351 308 306 110 50 173 227 77 76 198 195 113 112 73 169 83 54 67 120 241 124 93 74 254 352 261 318 340 362 367 344 338 245 89 183 273 215 147 174 172 134 134 155 150 177
0 6 0 0 47 41 40 10 100 0 0 14 37 3 0 39 32 41 74 5 0 0 2 2 18 134 21 100 265 184 272 260 264 194 307 328 279 250 175 316 328 75 117 258 239 114 136 164 125 301 200 117 76 60 45 140 167 51 112 146 307 351 355 322 317 345 359 347 363 293 206 174 210 241 207 146 108 131 153 215 244 209
2 9 28 60 74 145 12 26 23 2 11 7 57 21 3 15 54 79 199 58 1 0 1 5 116 61 127 213 274 173 136 252 281 295 168 366 321 102 68 136 167 72 79 303 279 196 103 148 68 143 237 60 150 69 73 35 131 89 170 289 344 378 391 347 363 325 363 370 363 312 266 235 272 273 157 212 20 130 222 194 283 333
5 3 7 57 149 274 101 26 20 77 59 47 136 141 10 7 63 48 138 27 0 0 1 6 15 57 200 88 23 72 170 307 293 273 196 278 207 252 104 126 317 273 170 277 327 195 261 211 139 113 68 40 92 120 36 149 250 250 216 231 319 373 381 372 374 319 370 394 278 220 99 248 286 249 301 228 48 195 237 201 311 286
1 2 12 75 162 109 38 34 11 20 46 22 87 223 137 10 38 90 103 9 0 9 6 10 42 107 76 13 54 178 265 261 215 289 274 284 268 303 183 320 269 305 261 247 360 243 181 154 220 130 55 64 39 26 21 268 287 270 302 245 317 302 345 362 340 330 332 306 298 243 178 255 337 315 287 331 59 183 205 218 206 257
0 6 15 23 56 87 5 30 8 5 18 0 9 131 154 76 23 62 1 0 0 0 13 59 18 11 56 32 118 251 306 327 270 101 305 215 228 300 245 190 327 287 291 350 320 288 209 115 189 127 60 114 119 44 53 132 271 324 262 215 356 349 358 322 355 293 364 343 315 291 171 120 255 262 349 151 108 221 226 266 169 265
0 2 13 2 12 56 64 67 18 43 1 15 99 74 104 192 150 41 0 1 0 31 21 26 5 29 115 133 106 253 148 277 278 225 318 221 271 248 298 258 264 181 107 263 258 236 190 208 75 9 1 40 70 51 25 77 94 287 359 183 343 332 297 369 307 270 371 354 332 347 222 277 193 261 231 139 -2147483647 135 236 240 231 245
0 0 5 37 55 105 89 24 2 17 22 43 83 44 9 144 268 79 3 0 4 17 18 17 22 36 25 44 125 242 178 338 296 242 322 261 235 284 305 251 290 252 230 305 220 242 130 13 33 44 4 5 30 29 13 95 79 159 294 199 254 204 171 278 280 234 325 351 326 191 126 266 138 182 137 -2147483647 -2147483647 54 169 156 85 -2147483647
