Post-hoc_landscape_analyses/Environmental_files/WNV_rasters/Land_cover_grasslands_WNV_16.asc
NCOLS 390 
NROWS 216 
XLLCORNER -128.0000208 
YLLCORNER 18.9999684 
CELLSIZE 0.1666666 
NODATA_value -2147483647 
[rows 140 to 174 of 216, columns 158 to 236 of 390]
4 62 206 328 397 396 396 385 365 399 399 399 400 398 379 400 400 400 400 400 400 363 348 304 317 351 226 245 370 355 324 284 329 272 165 163 50 126 5 12 18 10 2 0 0 0 4 180 2 0 0 0 0 0 0 0 0 52 0 0 6 21 0 0 0 0 0 0 0 0 0 0 0 0 0 0 0 0 0
24 120 269 386 382 388 385 276 391 399 353 359 360 390 300 399 400 386 361 395 400 361 368 359 323 387 371 244 245 275 329 162 304 216 114 156 79 92 16 3 9 0 4 36 14 0 0 98 53 0 0 0 0 19 0 0 0 19 0 0 11 18 0 0 5 0 0 0 0 0 0 0 0 1 0 0 0 0 0
18 123 289 373 369 394 392 378 367 339 326 255 388 374 377 398 386 390 343 378 397 385 346 321 195 337 395 223 111 255 274 266 213 126 96 155 210 81 46 16 9 3 11 88 116 33 5 61 155 11 0 0 0 0 0 0 0 3 1 0 73 5 0 0 0 0 0 0 0 0 0 0 0 0 2 0 0 0 0
71 202 384 400 397 395 395 397 393 343 251 126 298 373 380 323 341 353 264 259 388 393 326 276 235 308 398 387 191 311 355 301 172 263 305 214 201 21 27 14 0 0 0 0 70 128 1 0 0 8 0 0 4 0 0 0 1 0 0 0 26 0 0 2 0 0 0 0 0 0 0 0 0 0 0 1 0 0 3
322 382 400 398 400 400 397 398 388 325 238 291 362 366 389 380 354 378 313 172 263 390 362 309 277 383 391 390 379 301 312 279 312 364 327 169 101 56 72 3 0 0 0 0 23 6 0 0 0 2 3 0 0 1 1 1 0 0 0 0 43 0 0 0 0 0 0 0 0 0 0 2 0 2 0 2 0 0 0
352 383 388 400 400 400 400 394 384 377 344 313 395 370 392 395 382 396 391 251 246 324 377 323 389 323 362 345 366 293 229 353 335 363 266 131 46 3 38 228 0 0 0 1 11 1 0 0 0 0 0 3 1 0 0 1 0 0 0 0 12 26 0 1 5 0 0 0 0 2 0 1 0 2 0 0 0 0 0
344 389 392 400 397 400 399 398 386 398 386 344 336 333 382 357 399 385 301 281 291 208 241 294 319 345 373 347 315 294 325 211 215 249 283 56 18 32 4 63 12 0 0 1 0 0 6 0 0 0 6 5 2 0 1 0 0 0 0 0 0 1 16 2 0 0 0 6 1 7 0 0 0 0 0 0 0 0 0
363 239 379 400 392 400 400 395 395 343 326 279 311 376 398 383 378 357 317 356 391 243 56 90 376 398 385 378 369 380 350 289 155 250 241 57 73 4 0 0 2 4 0 0 0 0 7 0 0 0 1 4 2 0 0 0 0 0 0 2 0 0 7 2 0 0 1 6 20 21 0 1 0 6 17 26 33 28 14
352 327 344 394 400 400 383 400 400 398 272 340 250 389 397 396 395 400 399 390 303 282 107 73 368 357 239 367 393 326 275 329 257 176 133 10 5 6 0 0 18 24 10 4 0 0 2 7 14 32 4 5 0 0 0 0 0 0 0 5 0 0 6 9 2 0 154 172 -2147483647 -2147483647 -2147483647 32 10 25 -2147483647 -2147483647 -2147483647 -2147483647 -2147483647
213 370 350 392 400 399 397 384 400 369 357 398 366 281 302 360 398 395 379 381 260 224 275 393 334 337 172 333 315 345 311 337 292 164 246 91 53 24 16 41 48 18 10 22 14 15 27 7 12 95 34 2 1 17 0 0 0 0 1 0 33 0 0 1 0 0 0 7 -2147483647 -2147483647 22 -2147483647 -2147483647 -2147483647 -2147483647 -2147483647 -2147483647 -2147483647 -2147483647
74 344 337 398 400 347 336 382 374 246 233 259 321 245 230 361 339 385 355 298 194 194 252 396 388 314 294 296 217 277 279 219 251 115 228 266 21 17 17 41 32 25 8 3 13 26 10 27 37 64 69 40 26 244 18 0 0 0 6 0 43 1 20 50 0 0 84 0 42 0 7 -2147483647 11 26 -2147483647 -2147483647 -2147483647 -2147483647 -2147483647
0 100 225 361 397 378 349 346 255 250 108 152 136 133 302 387 294 299 300 259 159 300 398 386 390 344 377 342 332 314 162 232 372 123 126 129 2 0 3 39 39 79 13 0 1 15 50 22 -2147483647 -2147483647 -2147483647 23 57 3 163 154 3 -2147483647 -2147483647 24 7 5 26 54 0 6 4 13 241 37 34 123 47 -2147483647 -2147483647 -2147483647 -2147483647 -2147483647 -2147483647
41 52 190 306 372 399 389 355 376 301 182 167 223 226 237 253 148 192 132 177 361 392 376 382 390 398 384 397 314 210 149 136 63 50 186 54 18 75 16 38 -2147483647 -2147483647 37 29 -2147483647 -2147483647 -2147483647 -2147483647 -2147483647 -2147483647 -2147483647 -2147483647 -2147483647 -2147483647 56 64 29 -2147483647 23 -2147483647 -2147483647 11 22 9 1 9 7 5 50 117 28 34 -2147483647 -2147483647 -2147483647 -2147483647 -2147483647 -2147483647 -2147483647
0 87 190 298 273 392 400 400 390 388 365 354 364 387 352 341 319 342 158 227 397 390 374 379 384 381 379 364 299 81 154 54 5 10 68 167 58 53 7 2 37 -2147483647 -2147483647 -2147483647 -2147483647 -2147483647 -2147483647 -2147483647 -2147483647 -2147483647 -2147483647 -2147483647 -2147483647 -2147483647 -2147483647 -2147483647 -2147483647 -2147483647 -2147483647 -2147483647 -2147483647 -2147483647 -2147483647 10 57 49 195 112 58 96 -2147483647 161 112 -2147483647 -2147483647 -2147483647 -2147483647 -2147483647 -2147483647
144 147 340 324 318 348 371 400 400 400 394 386 383 393 385 374 389 385 366 390 366 348 393 384 389 385 339 249 132 152 109 11 0 0 12 73 86 39 60 89 -2147483647 -2147483647 -2147483647 -2147483647 -2147483647 -2147483647 -2147483647 -2147483647 -2147483647 -2147483647 -2147483647 -2147483647 -2147483647 -2147483647 -2147483647 -2147483647 -2147483647 -2147483647 -2147483647 -2147483647 -2147483647 -2147483647 -2147483647 44 57 80 -2147483647 -2147483647 118 -2147483647 -2147483647 -2147483647 -2147483647 245 164 -2147483647 -2147483647 -2147483647 -2147483647
223 357 384 306 316 371 384 400 400 400 400 388 394 389 382 378 393 392 388 385 387 376 391 391 398 353 286 304 233 99 143 6 1 3 13 5 19 26 27 -2147483647 -2147483647 -2147483647 -2147483647 -2147483647 -2147483647 -2147483647 -2147483647 -2147483647 -2147483647 -2147483647 -2147483647 -2147483647 -2147483647 -2147483647 -2147483647 -2147483647 -2147483647 -2147483647 -2147483647 -2147483647 -2147483647 -2147483647 -2147483647 -2147483647 -2147483647 -2147483647 -2147483647 -2147483647 -2147483647 -2147483647 -2147483647 -2147483647 -2147483647 -2147483647 116 -2147483647 -2147483647 -2147483647 -2147483647
145 98 369 306 210 345 354 399 400 400 397 396 357 400 337 388 400 399 397 400 395 392 385 382 366 345 289 301 265 127 127 12 1 7 45 31 11 24 -2147483647 -2147483647 -2147483647 -2147483647 -2147483647 -2147483647 -2147483647 -2147483647 -2147483647 -2147483647 -2147483647 -2147483647 -2147483647 -2147483647 -2147483647 -2147483647 -2147483647 -2147483647 -2147483647 -2147483647 -2147483647 -2147483647 -2147483647 -2147483647 -2147483647 -2147483647 -2147483647 -2147483647 -2147483647 -2147483647 -2147483647 -2147483647 -2147483647 -2147483647 -2147483647 -2147483647 -2147483647 -2147483647 -2147483647 -2147483647 -2147483647
130 38 367 393 357 371 322 342 399 397 400 343 400 400 393 394 397 400 400 400 400 400 400 364 332 229 275 222 204 63 66 89 66 93 78 85 -2147483647 -2147483647 -2147483647 -2147483647 -2147483647 -2147483647 -2147483647 -2147483647 -2147483647 -2147483647 -2147483647 -2147483647 -2147483647 -2147483647 -2147483647 -2147483647 -2147483647 -2147483647 -2147483647 -2147483647 -2147483647 -2147483647 -2147483647 -2147483647 -2147483647 -2147483647 -2147483647 -2147483647 -2147483647 -2147483647 -2147483647 -2147483647 -2147483647 -2147483647 -2147483647 -2147483647 -2147483647 -2147483647 -2147483647 -2147483647 -2147483647 -2147483647 -2147483647
66 267 399 396 346 374 352 371 393 400 392 364 400 400 400 399 385 400 400 348 367 400 385 276 265 273 311 163 106 73 91 -2147483647 -2147483647 -2147483647 -2147483647 -2147483647 -2147483647 -2147483647 -2147483647 -2147483647 -2147483647 -2147483647 -2147483647 -2147483647 -2147483647 -2147483647 -2147483647 -2147483647 -2147483647 -2147483647 -2147483647 -2147483647 -2147483647 -2147483647 -2147483647 -2147483647 -2147483647 -2147483647 -2147483647 -2147483647 -2147483647 -2147483647 -2147483647 -2147483647 -2147483647 -2147483647 -2147483647 -2147483647 -2147483647 -2147483647 -2147483647 -2147483647 -2147483647 -2147483647 -2147483647 -2147483647 -2147483647 -2147483647 -2147483647
363 399 400 400 332 319 382 389 396 400 397 400 396 400 398 400 400 400 400 387 395 398 399 382 287 268 264 206 149 138 130 -2147483647 -2147483647 -2147483647 -2147483647 -2147483647 -2147483647 -2147483647 -2147483647 -2147483647 -2147483647 -2147483647 -2147483647 -2147483647 -2147483647 -2147483647 -2147483647 -2147483647 -2147483647 -2147483647 -2147483647 -2147483647 -2147483647 -2147483647 -2147483647 -2147483647 -2147483647 -2147483647 -2147483647 -2147483647 -2147483647 -2147483647 -2147483647 -2147483647 -2147483647 -2147483647 -2147483647 -2147483647 -2147483647 -2147483647 -2147483647 -2147483647 -2147483647 -2147483647 -2147483647 -2147483647 -2147483647 -2147483647 -2147483647
309 399 400 400 381 336 377 398 396 400 400 397 400 400 400 400 400 400 400 400 400 392 359 381 278 267 197 73 94 -2147483647 -2147483647 -2147483647 -2147483647 -2147483647 -2147483647 -2147483647 -2147483647 -2147483647 -2147483647 -2147483647 -2147483647 -2147483647 -2147483647 -2147483647 -2147483647 -2147483647 -2147483647 -2147483647 -2147483647 -2147483647 -2147483647 -2147483647 -2147483647 -2147483647 -2147483647 -2147483647 -2147483647 -2147483647 -2147483647 -2147483647 -2147483647 -2147483647 -2147483647 -2147483647 -2147483647 -2147483647 -2147483647 -2147483647 -2147483647 -2147483647 -2147483647 -2147483647 -2147483647 -2147483647 -2147483647 -2147483647 -2147483647 -2147483647 -2147483647
327 384 385 399 394 389 394 400 400 399 380 399 400 400 400 400 395 400 400 400 400 400 339 184 147 199 242 -2147483647 -2147483647 -2147483647 -2147483647 -2147483647 -2147483647 -2147483647 -2147483647 -2147483647 -2147483647 -2147483647 -2147483647 -2147483647 -2147483647 -2147483647 -2147483647 -2147483647 -2147483647 -2147483647 -2147483647 -2147483647 -2147483647 -2147483647 -2147483647 -2147483647 -2147483647 -2147483647 -2147483647 -2147483647 -2147483647 -2147483647 -2147483647 -2147483647 -2147483647 -2147483647 -2147483647 -2147483647 -2147483647 -2147483647 -2147483647 -2147483647 -2147483647 -2147483647 -2147483647 -2147483647 -2147483647 -2147483647 -2147483647 -2147483647 -2147483647 -2147483647 -2147483647
243 270 280 316 371 379 376 399 394 400 394 394 400 399 399 400 400 400 398 400 400 400 365 147 88 146 209 -2147483647 -2147483647 -2147483647 -2147483647 -2147483647 -2147483647 -2147483647 -2147483647 -2147483647 -2147483647 -2147483647 -2147483647 -2147483647 -2147483647 -2147483647 -2147483647 -2147483647 -2147483647 -2147483647 -2147483647 -2147483647 -2147483647 -2147483647 -2147483647 -2147483647 -2147483647 -2147483647 -2147483647 -2147483647 -2147483647 -2147483647 -2147483647 -2147483647 -2147483647 -2147483647 -2147483647 -2147483647 -2147483647 -2147483647 -2147483647 -2147483647 -2147483647 -2147483647 -2147483647 -2147483647 -2147483647 -2147483647 -2147483647 -2147483647 -2147483647 -2147483647 -2147483647
42 147 204 141 271 321 397 398 369 399 396 399 400 400 400 399 400 400 400 400 400 393 293 80 31 96 -2147483647 -2147483647 -2147483647 -2147483647 -2147483647 -2147483647 -2147483647 -2147483647 -2147483647 -2147483647 -2147483647 -2147483647 -2147483647 -2147483647 -2147483647 -2147483647 -2147483647 -2147483647 -2147483647 -2147483647 -2147483647 -2147483647 -2147483647 -2147483647 -2147483647 -2147483647 -2147483647 -2147483647 -2147483647 -2147483647 -2147483647 -2147483647 -2147483647 -2147483647 -2147483647 -2147483647 -2147483647 -2147483647 -2147483647 -2147483647 -2147483647 -2147483647 -2147483647 -2147483647 -2147483647 -2147483647 -2147483647 -2147483647 -2147483647 -2147483647 -2147483647 -2147483647 -2147483647
40 126 53 81 293 278 312 396 396 398 400 400 342 333 400 400 400 400 400 400 400 380 387 306 299 260 -2147483647 -2147483647 -2147483647 -2147483647 -2147483647 -2147483647 -2147483647 -2147483647 -2147483647 -2147483647 -2147483647 -2147483647 -2147483647 -2147483647 -2147483647 -2147483647 -2147483647 -2147483647 -2147483647 -2147483647 -2147483647 -2147483647 -2147483647 -2147483647 -2147483647 -2147483647 -2147483647 -2147483647 -2147483647 -2147483647 -2147483647 -2147483647 -2147483647 -2147483647 -2147483647 -2147483647 -2147483647 -2147483647 -2147483647 -2147483647 -2147483647 -2147483647 -2147483647 -2147483647 -2147483647 -2147483647 -2147483647 -2147483647 -2147483647 -2147483647 -2147483647 -2147483647 -2147483647
81 30 62 170 177 309 353 381 388 399 400 400 346 366 400 400 400 400 400 399 398 400 400 356 323 187 -2147483647 -2147483647 -2147483647 -2147483647 -2147483647 -2147483647 -2147483647 -2147483647 -2147483647 -2147483647 -2147483647 -2147483647 -2147483647 -2147483647 -2147483647 -2147483647 -2147483647 -2147483647 -2147483647 -2147483647 -2147483647 -2147483647 -2147483647 -2147483647 -2147483647 -2147483647 -2147483647 -2147483647 -2147483647 -2147483647 -2147483647 -2147483647 -2147483647 -2147483647 -2147483647 -2147483647 -2147483647 -2147483647 -2147483647 -2147483647 -2147483647 -2147483647 -2147483647 -2147483647 -2147483647 -2147483647 -2147483647 -2147483647 -2147483647 -2147483647 -2147483647 -2147483647 -2147483647
49 123 56 87 160 289 200 317 330 344 388 399 398 399 400 400 400 399 400 400 398 400 400 349 133 -2147483647 -2147483647 -2147483647 -2147483647 -2147483647 -2147483647 -2147483647 -2147483647 -2147483647 -2147483647 -2147483647 -2147483647 -2147483647 -2147483647 -2147483647 -2147483647 -2147483647 -2147483647 -2147483647 -2147483647 -2147483647 -2147483647 -2147483647 -2147483647 -2147483647 -2147483647 -2147483647 -2147483647 -2147483647 -2147483647 -2147483647 -2147483647 -2147483647 -2147483647 -2147483647 -2147483647 -2147483647 -2147483647 -2147483647 -2147483647 -2147483647 -2147483647 -2147483647 -2147483647 -2147483647 -2147483647 -2147483647 -2147483647 -2147483647 -2147483647 -2147483647 -2147483647 -2147483647 -2147483647
2 11 64 33 6 103 171 229 349 330 378 397 397 384 400 400 400 400 400 400 383 385 397 385 375 -2147483647 -2147483647 -2147483647 -2147483647 -2147483647 -2147483647 -2147483647 -2147483647 -2147483647 -2147483647 -2147483647 -2147483647 -2147483647 -2147483647 -2147483647 -2147483647 -2147483647 -2147483647 -2147483647 -2147483647 -2147483647 -2147483647 -2147483647 -2147483647 -2147483647 -2147483647 -2147483647 -2147483647 -2147483647 -2147483647 -2147483647 -2147483647 -2147483647 -2147483647 -2147483647 -2147483647 -2147483647 -2147483647 -2147483647 -2147483647 -2147483647 -2147483647 -2147483647 -2147483647 -2147483647 -2147483647 -2147483647 -2147483647 -2147483647 -2147483647 -2147483647 -2147483647 -2147483647 -2147483647
1 2 8 8 18 156 239 87 135 394 304 333 369 379 366 400 397 400 400 400 399 392 399 400 273 -2147483647 -2147483647 -2147483647 -2147483647 -2147483647 -2147483647 -2147483647 -2147483647 -2147483647 -2147483647 -2147483647 -2147483647 -2147483647 -2147483647 -2147483647 -2147483647 -2147483647 -2147483647 -2147483647 -2147483647 -2147483647 -2147483647 -2147483647 -2147483647 -2147483647 -2147483647 -2147483647 -2147483647 -2147483647 -2147483647 -2147483647 -2147483647 -2147483647 -2147483647 -2147483647 -2147483647 -2147483647 -2147483647 -2147483647 -2147483647 -2147483647 -2147483647 -2147483647 -2147483647 -2147483647 -2147483647 -2147483647 -2147483647 -2147483647 -2147483647 -2147483647 -2147483647 -2147483647 -2147483647
0 0 0 12 9 71 124 185 179 307 400 392 363 385 285 382 400 399 400 400 400 400 400 374 142 -2147483647 -2147483647 -2147483647 -2147483647 -2147483647 -2147483647 -2147483647 -2147483647 -2147483647 -2147483647 -2147483647 -2147483647 -2147483647 -2147483647 -2147483647 -2147483647 -2147483647 -2147483647 -2147483647 -2147483647 -2147483647 -2147483647 -2147483647 -2147483647 -2147483647 -2147483647 -2147483647 -2147483647 -2147483647 -2147483647 -2147483647 -2147483647 -2147483647 -2147483647 -2147483647 -2147483647 -2147483647 -2147483647 -2147483647 -2147483647 -2147483647 -2147483647 -2147483647 -2147483647 -2147483647 -2147483647 -2147483647 -2147483647 -2147483647 -2147483647 -2147483647 -2147483647 -2147483647 -2147483647
0 0 0 8 11 73 139 111 145 384 299 322 378 400 346 387 396 399 364 380 400 396 382 312 187 -2147483647 -2147483647 -2147483647 -2147483647 -2147483647 -2147483647 -2147483647 -2147483647 -2147483647 -2147483647 -2147483647 -2147483647 -2147483647 -2147483647 -2147483647 -2147483647 -2147483647 -2147483647 -2147483647 -2147483647 -2147483647 -2147483647 -2147483647 -2147483647 -2147483647 -2147483647 -2147483647 -2147483647 -2147483647 -2147483647 -2147483647 -2147483647 -2147483647 -2147483647 -2147483647 -2147483647 -2147483647 -2147483647 -2147483647 -2147483647 -2147483647 -2147483647 -2147483647 -2147483647 -2147483647 -2147483647 -2147483647 -2147483647 -2147483647 -2147483647 -2147483647 -2147483647 -2147483647 -2147483647
0 1 0 17 41 37 86 124 103 321 334 351 365 387 385 368 234 343 313 265 194 212 43 6 136 -2147483647 -2147483647 -2147483647 -2147483647 -2147483647 -2147483647 -2147483647 -2147483647 -2147483647 -2147483647 -2147483647 -2147483647 -2147483647 -2147483647 -2147483647 -2147483647 -2147483647 -2147483647 -2147483647 -2147483647 -2147483647 -2147483647 -2147483647 -2147483647 -2147483647 -2147483647 -2147483647 -2147483647 -2147483647 -2147483647 -2147483647 -2147483647 -2147483647 -2147483647 -2147483647 -2147483647 -2147483647 -2147483647 -2147483647 -2147483647 -2147483647 -2147483647 -2147483647 -2147483647 -2147483647 -2147483647 -2147483647 -2147483647 -2147483647 -2147483647 -2147483647 -2147483647 -2147483647 -2147483647
0 2 0 0 0 2 56 131 149 156 71 183 385 394 397 320 310 238 210 90 90 15 10 60 229 295 -2147483647 -2147483647 -2147483647 -2147483647 -2147483647 -2147483647 -2147483647 -2147483647 -2147483647 -2147483647 -2147483647 -2147483647 -2147483647 -2147483647 -2147483647 -2147483647 -2147483647 -2147483647 -2147483647 -2147483647 -2147483647 -2147483647 -2147483647 -2147483647 -2147483647 -2147483647 -2147483647 -2147483647 -2147483647 -2147483647 -2147483647 -2147483647 -2147483647 -2147483647 -2147483647 -2147483647 -2147483647 -2147483647 -2147483647 -2147483647 -2147483647 -2147483647 -2147483647 -2147483647 -2147483647 -2147483647 -2147483647 -2147483647 -2147483647 -2147483647 -2147483647 -2147483647 -2147483647
0 0 3 0 0 0 16 203 333 359 37 95 385 400 386 292 323 375 300 192 73 0 13 13 159 198 122 -2147483647 -2147483647 -2147483647 -2147483647 -2147483647 -2147483647 -2147483647 -2147483647 -2147483647 -2147483647 -2147483647 -2147483647 -2147483647 -2147483647 -2147483647 -2147483647 -2147483647 -2147483647 -2147483647 -2147483647 -2147483647 -2147483647 -2147483647 -2147483647 -2147483647 -2147483647 -2147483647 -2147483647 -2147483647 -2147483647 -2147483647 -2147483647 -2147483647 -2147483647 -2147483647 -2147483647 -2147483647 -2147483647 -2147483647 -2147483647 -2147483647 -2147483647 -2147483647 -2147483647 -2147483647 -2147483647 -2147483647 -2147483647 -2147483647 -2147483647 -2147483647 -2147483647
0 0 0 1 23 0 18 150 324 341 262 209 385 370 377 289 307 375 329 308 65 1 0 0 10 87 116 -2147483647 -2147483647 -2147483647 -2147483647 -2147483647 -2147483647 -2147483647 -2147483647 -2147483647 -2147483647 -2147483647 -2147483647 -2147483647 -2147483647 -2147483647 -2147483647 -2147483647 -2147483647 -2147483647 -2147483647 -2147483647 -2147483647 -2147483647 -2147483647 -2147483647 -2147483647 -2147483647 -2147483647 -2147483647 -2147483647 -2147483647 -2147483647 -2147483647 -2147483647 -2147483647 -2147483647 -2147483647 -2147483647 -2147483647 -2147483647 -2147483647 -2147483647 -2147483647 -2147483647 -2147483647 -2147483647 -2147483647 -2147483647 -2147483647 -2147483647 -2147483647 -2147483647
