Post-hoc_landscape_analyses/Environmental_files/WNV_rasters/Land_cover_shrublands_WNV_16.asc
NCOLS 390 
NROWS 216 
XLLCORNER -128.0000208 
YLLCORNER 18.9999684 
CELLSIZE 0.1666666 
NODATA_value -2147483647 
[rows 72 to 107 of 216, columns 0 to 80 of 390]
-2147483647 -2147483647 -2147483647 -2147483647 -2147483647 -2147483647 -2147483647 -2147483647 -2147483647 -2147483647 -2147483647 -2147483647 -2147483647 -2147483647 -2147483647 -2147483647 -2147483647 -2147483647 -2147483647 -2147483647 -2147483647 0 0 0 0 0 0 0 0 0 0 0 0 0 0 0 0 0 0 0 0 0 0 31 92 0 3 8 1 0 2 0 0 0 0 0 0 0 0 0 0 0 0 0 0 0 0 0 0 6 10 3 10 49 19 1 0 1 0 0 0
-2147483647 -2147483647 -2147483647 -2147483647 -2147483647 -2147483647 -2147483647 -2147483647 -2147483647 -2147483647 -2147483647 -2147483647 -2147483647 -2147483647 -2147483647 -2147483647 -2147483647 -2147483647 -2147483647 -2147483647 -2147483647 0 0 0 0 0 0 0 0 0 0 0 0 0 0 0 0 0 0 0 0 1 0 0 4 0 5 4 1 4 23 0 0 1 6 0 0 0 0 0 0 0 0 0 0 0 0 0 0 0 0 0 5 85 16 10 49 15 1 1 0
-2147483647 -2147483647 -2147483647 -2147483647 -2147483647 -2147483647 -2147483647 -2147483647 -2147483647 -2147483647 -2147483647 -2147483647 -2147483647 -2147483647 -2147483647 -2147483647 -2147483647 -2147483647 -2147483647 -2147483647 -2147483647 -2147483647 0 0 0 0 0 0 0 0 1 1 0 0 0 0 0 0 0 0 0 0 0 0 0 3 2 0 39 12 10 0 2 23 1 0 2 21 0 3 0 0 0 0 0 0 0 0 0 0 0 0 2 19 73 8 41 9 0 0 0
-2147483647 -2147483647 -2147483647 -2147483647 -2147483647 -2147483647 -2147483647 -2147483647 -2147483647 -2147483647 -2147483647 -2147483647 -2147483647 -2147483647 -2147483647 -2147483647 -2147483647 -2147483647 -2147483647 -2147483647 -2147483647 0 0 0 0 0 0 0 0 0 0 7 0 0 0 0 0 0 0 0 4 0 0 0 0 0 4 0 4 10 0 0 1 41 36 0 73 80 1 1 0 0 0 0 0 0 0 0 0 0 0 0 0 0 0 3 20 6 54 38 8
-2147483647 -2147483647 -2147483647 -2147483647 -2147483647 -2147483647 -2147483647 -2147483647 -2147483647 -2147483647 -2147483647 -2147483647 -2147483647 -2147483647 -2147483647 -2147483647 -2147483647 -2147483647 -2147483647 -2147483647 -2147483647 -2147483647 0 0 1 1 0 0 0 0 0 0 0 0 0 0 0 0 0 0 0 0 0 0 0 0 0 0 1 0 0 0 0 4 5 0 78 0 0 0 0 7 0 0 0 0 0 0 0 0 0 0 0 0 0 0 1 0 0 0 0
-2147483647 -2147483647 -2147483647 -2147483647 -2147483647 -2147483647 -2147483647 -2147483647 -2147483647 -2147483647 -2147483647 -2147483647 -2147483647 -2147483647 -2147483647 -2147483647 -2147483647 -2147483647 -2147483647 -2147483647 -2147483647 -2147483647 0 0 0 5 0 0 0 0 0 0 0 0 2 1 0 3 4 0 0 0 0 0 0 0 0 0 0 0 0 0 0 0 0 0 24 0 0 0 0 3 0 0 0 0 0 0 0 0 0 0 0 0 0 0 0 0 0 0 0
-2147483647 -2147483647 -2147483647 -2147483647 -2147483647 -2147483647 -2147483647 -2147483647 -2147483647 -2147483647 -2147483647 -2147483647 -2147483647 -2147483647 -2147483647 -2147483647 -2147483647 -2147483647 -2147483647 -2147483647 -2147483647 -2147483647 -2147483647 0 8 0 0 0 0 0 1 14 53 84 11 0 21 18 13 0 18 2 2 0 0 0 1 0 0 0 0 0 0 0 4 16 6 0 0 0 0 0 0 0 0 0 0 0 0 0 0 0 0 0 0 0 0 0 0 0 0
-2147483647 -2147483647 -2147483647 -2147483647 -2147483647 -2147483647 -2147483647 -2147483647 -2147483647 -2147483647 -2147483647 -2147483647 -2147483647 -2147483647 -2147483647 -2147483647 -2147483647 -2147483647 -2147483647 -2147483647 -2147483647 -2147483647 -2147483647 0 0 0 0 0 0 0 0 0 22 64 28 5 38 52 37 48 109 9 0 7 1 8 0 0 1 0 0 0 0 0 2 4 6 0 11 7 8 3 0 0 0 0 0 0 0 0 0 0 0 0 0 0 0 0 0 0 0
-2147483647 -2147483647 -2147483647 -2147483647 -2147483647 -2147483647 -2147483647 -2147483647 -2147483647 -2147483647 -2147483647 -2147483647 -2147483647 -2147483647 -2147483647 -2147483647 -2147483647 -2147483647 -2147483647 -2147483647 -2147483647 -2147483647 -2147483647 0 0 0 0 0 0 0 1 32 3 152 212 0 6 0 0 0 33 2 0 12 20 1 0 13 5 0 0 0 0 0 1 31 37 52 26 67 24 4 0 0 0 0 0 0 0 0 0 0 0 0 0 0 0 0 0 0 0
-2147483647 -2147483647 -2147483647 -2147483647 -2147483647 -2147483647 -2147483647 -2147483647 -2147483647 -2147483647 -2147483647 -2147483647 -2147483647 -2147483647 -2147483647 -2147483647 -2147483647 -2147483647 -2147483647 -2147483647 -2147483647 -2147483647 -2147483647 -2147483647 0 0 0 0 0 0 1 15 12 24 3 0 0 0 1 0 0 1 2 16 71 0 0 36 14 0 0 0 3 4 15 37 113 47 190 90 52 14 0 0 0 1 0 0 0 0 0 0 0 0 0 0 0 0 0 0 0
-2147483647 -2147483647 -2147483647 -2147483647 -2147483647 -2147483647 -2147483647 -2147483647 -2147483647 -2147483647 -2147483647 -2147483647 -2147483647 -2147483647 -2147483647 -2147483647 -2147483647 -2147483647 -2147483647 -2147483647 -2147483647 -2147483647 -2147483647 0 0 0 0 0 0 0 0 2 0 0 0 0 0 0 108 42 1 15 1 0 0 8 1 16 21 0 0 0 0 13 27 15 75 66 196 134 66 72 48 2 0 0 0 0 0 0 0 0 0 0 0 0 0 0 0 0 0
-2147483647 -2147483647 -2147483647 -2147483647 -2147483647 -2147483647 -2147483647 -2147483647 -2147483647 -2147483647 -2147483647 -2147483647 -2147483647 -2147483647 -2147483647 -2147483647 -2147483647 -2147483647 -2147483647 -2147483647 -2147483647 -2147483647 -2147483647 0 0 0 0 0 0 0 0 0 0 0 0 0 0 0 36 90 20 20 9 3 5 2 0 6 60 11 0 0 6 75 27 77 129 95 178 177 124 124 30 20 16 4 0 0 3 0 0 0 0 0 0 0 0 0 0 0 0
-2147483647 -2147483647 -2147483647 -2147483647 -2147483647 -2147483647 -2147483647 -2147483647 -2147483647 -2147483647 -2147483647 -2147483647 -2147483647 -2147483647 -2147483647 -2147483647 -2147483647 -2147483647 -2147483647 -2147483647 -2147483647 -2147483647 -2147483647 0 0 0 0 0 0 0 0 0 0 0 0 0 0 0 190 242 112 54 49 2 0 3 1 0 16 18 15 42 111 6 80 152 189 111 170 238 141 148 18 22 27 12 0 0 6 4 0 0 0 0 0 0 0 0 0 1 0
-2147483647 -2147483647 -2147483647 -2147483647 -2147483647 -2147483647 -2147483647 -2147483647 -2147483647 -2147483647 -2147483647 -2147483647 -2147483647 -2147483647 -2147483647 -2147483647 -2147483647 -2147483647 -2147483647 -2147483647 -2147483647 -2147483647 -2147483647 0 0 0 0 0 0 2 1 0 5 20 2 0 0 0 0 72 0 0 0 0 1 7 0 0 10 52 35 182 70 117 94 148 113 10 195 292 134 202 17 15 24 43 35 3 14 1 0 0 0 0 0 0 0 0 0 1 0
-2147483647 -2147483647 -2147483647 -2147483647 -2147483647 -2147483647 -2147483647 -2147483647 -2147483647 -2147483647 -2147483647 -2147483647 -2147483647 -2147483647 -2147483647 -2147483647 -2147483647 -2147483647 -2147483647 -2147483647 -2147483647 -2147483647 0 0 0 0 0 0 0 0 0 2 27 4 17 7 0 0 0 0 0 0 0 0 2 6 57 56 69 46 11 132 91 137 95 165 296 120 118 144 104 90 76 24 13 26 36 18 8 10 7 0 0 0 0 0 0 3 0 0 0
-2147483647 -2147483647 -2147483647 -2147483647 -2147483647 -2147483647 -2147483647 -2147483647 -2147483647 -2147483647 -2147483647 -2147483647 -2147483647 -2147483647 -2147483647 -2147483647 -2147483647 -2147483647 -2147483647 -2147483647 -2147483647 -2147483647 0 0 0 0 0 0 0 0 9 7 0 0 0 38 1 1 0 0 0 0 0 0 40 126 142 32 37 26 87 148 139 35 7 139 197 309 244 177 122 59 152 66 15 24 22 2 10 17 7 0 0 0 0 0 0 1 2 0 3
-2147483647 -2147483647 -2147483647 -2147483647 -2147483647 -2147483647 -2147483647 -2147483647 -2147483647 -2147483647 -2147483647 -2147483647 -2147483647 -2147483647 -2147483647 -2147483647 -2147483647 -2147483647 -2147483647 -2147483647 -2147483647 -2147483647 0 0 0 0 0 0 0 0 3 17 0 0 0 13 0 3 0 0 0 0 0 0 4 15 17 73 156 144 187 150 131 210 26 84 110 175 288 136 169 213 199 118 26 34 4 2 52 0 2 5 0 0 0 2 2 0 2 0 0
-2147483647 -2147483647 -2147483647 -2147483647 -2147483647 -2147483647 -2147483647 -2147483647 -2147483647 -2147483647 -2147483647 -2147483647 -2147483647 -2147483647 -2147483647 -2147483647 -2147483647 -2147483647 -2147483647 -2147483647 -2147483647 -2147483647 -2147483647 0 0 0 0 0 0 0 2 6 6 2 0 0 18 7 0 0 0 0 0 0 0 0 31 150 141 29 0 19 112 248 54 169 134 91 177 287 268 95 246 205 138 57 20 17 5 2 0 0 0 2 0 19 0 0 0 3 0
-2147483647 -2147483647 -2147483647 -2147483647 -2147483647 -2147483647 -2147483647 -2147483647 -2147483647 -2147483647 -2147483647 -2147483647 -2147483647 -2147483647 -2147483647 -2147483647 -2147483647 -2147483647 -2147483647 -2147483647 -2147483647 -2147483647 -2147483647 -2147483647 0 0 2 0 0 0 0 2 10 0 0 4 25 0 0 3 0 0 0 0 0 0 0 20 114 105 95 22 102 47 37 56 31 1 110 236 63 72 321 181 29 23 53 30 4 1 0 5 0 0 0 0 0 0 1 9 1
-2147483647 -2147483647 -2147483647 -2147483647 -2147483647 -2147483647 -2147483647 -2147483647 -2147483647 -2147483647 -2147483647 -2147483647 -2147483647 -2147483647 -2147483647 -2147483647 -2147483647 -2147483647 -2147483647 -2147483647 -2147483647 -2147483647 -2147483647 -2147483647 -2147483647 0 0 0 1 0 0 2 10 0 0 0 0 0 17 8 0 0 0 0 0 1 21 45 26 141 242 150 149 58 10 2 7 4 227 103 107 138 155 173 63 39 3 16 5 0 0 0 5 1 9 0 3 0 0 0 0
-2147483647 -2147483647 -2147483647 -2147483647 -2147483647 -2147483647 -2147483647 -2147483647 -2147483647 -2147483647 -2147483647 -2147483647 -2147483647 -2147483647 -2147483647 -2147483647 -2147483647 -2147483647 -2147483647 -2147483647 -2147483647 -2147483647 -2147483647 -2147483647 -2147483647 0 0 0 0 0 0 0 1 0 0 0 0 0 2 7 4 0 0 0 0 0 0 0 42 97 219 138 147 65 121 179 268 301 190 100 111 215 172 30 32 52 15 14 3 7 0 0 0 3 22 0 0 1 1 1 5
-2147483647 -2147483647 -2147483647 -2147483647 -2147483647 -2147483647 -2147483647 -2147483647 -2147483647 -2147483647 -2147483647 -2147483647 -2147483647 -2147483647 -2147483647 -2147483647 -2147483647 -2147483647 -2147483647 -2147483647 -2147483647 -2147483647 -2147483647 -2147483647 -2147483647 0 0 0 0 0 1 0 23 2 0 0 0 0 3 0 0 0 0 0 0 0 0 0 11 86 84 195 160 132 184 131 131 230 111 138 248 93 61 82 61 36 33 22 1 1 23 7 9 9 0 0 0 0 0 1 1
-2147483647 -2147483647 -2147483647 -2147483647 -2147483647 -2147483647 -2147483647 -2147483647 -2147483647 -2147483647 -2147483647 -2147483647 -2147483647 -2147483647 -2147483647 -2147483647 -2147483647 -2147483647 -2147483647 -2147483647 -2147483647 -2147483647 -2147483647 -2147483647 -2147483647 0 0 0 0 0 0 0 13 7 0 0 0 0 0 2 0 0 0 0 0 0 0 0 0 33 203 158 212 200 220 184 170 152 62 224 209 96 46 52 32 16 74 30 18 15 93 15 70 5 2 2 2 3 1 1 0
-2147483647 -2147483647 -2147483647 -2147483647 -2147483647 -2147483647 -2147483647 -2147483647 -2147483647 -2147483647 -2147483647 -2147483647 -2147483647 -2147483647 -2147483647 -2147483647 -2147483647 -2147483647 -2147483647 -2147483647 -2147483647 -2147483647 -2147483647 -2147483647 -2147483647 -2147483647 0 0 0 0 3 0 21 29 0 0 0 0 0 0 1 0 0 0 0 0 0 0 0 57 158 88 198 218 152 112 82 209 262 293 202 117 15 42 25 93 129 29 16 10 6 1 32 46 73 0 2 3 1 2 15
-2147483647 -2147483647 -2147483647 -2147483647 -2147483647 -2147483647 -2147483647 -2147483647 -2147483647 -2147483647 -2147483647 -2147483647 -2147483647 -2147483647 -2147483647 -2147483647 -2147483647 -2147483647 -2147483647 -2147483647 -2147483647 -2147483647 -2147483647 -2147483647 -2147483647 -2147483647 0 0 0 0 0 6 3 3 0 0 0 0 0 0 9 0 0 0 0 0 0 0 4 7 139 104 220 203 215 149 248 140 40 151 229 132 95 22 105 202 159 65 17 12 38 28 55 124 187 15 1 10 0 0 14
-2147483647 -2147483647 -2147483647 -2147483647 -2147483647 -2147483647 -2147483647 -2147483647 -2147483647 -2147483647 -2147483647 -2147483647 -2147483647 -2147483647 -2147483647 -2147483647 -2147483647 -2147483647 -2147483647 -2147483647 -2147483647 -2147483647 -2147483647 -2147483647 -2147483647 -2147483647 -2147483647 0 0 0 0 0 0 10 0 0 0 0 0 2 4 5 0 0 0 0 0 0 0 11 11 43 30 69 214 88 182 278 194 181 286 335 154 18 111 231 69 53 11 30 66 65 90 94 209 138 84 27 14 0 25
-2147483647 -2147483647 -2147483647 -2147483647 -2147483647 -2147483647 -2147483647 -2147483647 -2147483647 -2147483647 -2147483647 -2147483647 -2147483647 -2147483647 -2147483647 -2147483647 -2147483647 -2147483647 -2147483647 -2147483647 -2147483647 -2147483647 -2147483647 -2147483647 -2147483647 -2147483647 -2147483647 -2147483647 0 0 0 0 0 0 8 1 0 0 0 0 2 10 0 0 0 0 0 0 0 0 6 10 57 58 129 120 70 143 167 317 364 312 287 204 268 225 239 49 64 101 187 258 112 142 82 109 135 74 62 12 47
-2147483647 -2147483647 -2147483647 -2147483647 -2147483647 -2147483647 -2147483647 -2147483647 -2147483647 -2147483647 -2147483647 -2147483647 -2147483647 -2147483647 -2147483647 -2147483647 -2147483647 -2147483647 -2147483647 -2147483647 -2147483647 -2147483647 -2147483647 -2147483647 -2147483647 -2147483647 -2147483647 -2147483647 -2147483647 2 0 0 0 0 0 0 0 0 0 0 0 0 3 0 0 0 0 0 0 0 0 1 9 24 59 178 129 129 237 131 324 175 206 341 377 366 323 165 198 155 268 201 210 54 168 111 111 221 76 40 50
-2147483647 -2147483647 -2147483647 -2147483647 -2147483647 -2147483647 -2147483647 -2147483647 -2147483647 -2147483647 -2147483647 -2147483647 -2147483647 -2147483647 -2147483647 -2147483647 -2147483647 -2147483647 -2147483647 -2147483647 -2147483647 -2147483647 -2147483647 -2147483647 -2147483647 -2147483647 -2147483647 -2147483647 -2147483647 -2147483647 0 0 5 0 5 3 2 0 0 0 0 0 6 7 0 0 0 0 0 0 0 0 0 1 11 6 139 178 111 23 95 139 278 83 337 297 348 339 392 354 245 250 315 216 162 103 148 194 211 150 9
-2147483647 -2147483647 -2147483647 -2147483647 -2147483647 -2147483647 -2147483647 -2147483647 -2147483647 -2147483647 -2147483647 -2147483647 -2147483647 -2147483647 -2147483647 -2147483647 -2147483647 -2147483647 -2147483647 -2147483647 -2147483647 -2147483647 -2147483647 -2147483647 -2147483647 -2147483647 -2147483647 -2147483647 -2147483647 -2147483647 0 0 0 -2147483647 3 15 8 0 5 1 0 0 0 3 0 0 0 0 0 0 0 0 0 4 186 79 126 41 65 88 10 46 98 292 337 397 370 399 383 339 288 301 296 109 187 259 215 251 248 197 54
-2147483647 -2147483647 -2147483647 -2147483647 -2147483647 -2147483647 -2147483647 -2147483647 -2147483647 -2147483647 -2147483647 -2147483647 -2147483647 -2147483647 -2147483647 -2147483647 -2147483647 -2147483647 -2147483647 -2147483647 -2147483647 -2147483647 -2147483647 -2147483647 -2147483647 -2147483647 -2147483647 -2147483647 -2147483647 -2147483647 -2147483647 -2147483647 0 -2147483647 0 0 0 0 1 0 0 0 0 0 1 2 0 0 0 0 0 0 0 0 0 36 121 132 147 113 157 180 155 138 211 223 339 393 370 194 368 343 346 235 253 230 207 280 226 233 147
-2147483647 -2147483647 -2147483647 -2147483647 -2147483647 -2147483647 -2147483647 -2147483647 -2147483647 -2147483647 -2147483647 -2147483647 -2147483647 -2147483647 -2147483647 -2147483647 -2147483647 -2147483647 -2147483647 -2147483647 -2147483647 -2147483647 -2147483647 -2147483647 -2147483647 -2147483647 -2147483647 -2147483647 -2147483647 -2147483647 -2147483647 -2147483647 -2147483647 0 0 0 1 0 0 0 0 0 0 0 0 21 7 2 10 0 0 0 0 0 0 1 92 228 84 140 190 276 46 282 365 329 398 384 393 386 357 394 394 217 347 279 390 362 304 265 315
-2147483647 -2147483647 -2147483647 -2147483647 -2147483647 -2147483647 -2147483647 -2147483647 -2147483647 -2147483647 -2147483647 -2147483647 -2147483647 -2147483647 -2147483647 -2147483647 -2147483647 -2147483647 -2147483647 -2147483647 -2147483647 -2147483647 -2147483647 -2147483647 -2147483647 -2147483647 -2147483647 -2147483647 -2147483647 -2147483647 -2147483647 -2147483647 -2147483647 0 -2147483647 0 1 3 6 11 0 0 0 0 0 0 12 2 4 0 0 0 0 0 0 6 215 225 95 158 296 264 253 351 383 288 383 400 400 381 392 387 395 382 388 376 397 382 365 292 355
-2147483647 -2147483647 -2147483647 -2147483647 -2147483647 -2147483647 -2147483647 -2147483647 -2147483647 -2147483647 -2147483647 -2147483647 -2147483647 -2147483647 -2147483647 -2147483647 -2147483647 -2147483647 -2147483647 -2147483647 -2147483647 -2147483647 -2147483647 -2147483647 -2147483647 -2147483647 -2147483647 -2147483647 -2147483647 -2147483647 -2147483647 -2147483647 -2147483647 0 0 0 0 0 2 27 20 0 0 0 0 0 0 0 0 0 0 0 0 0 0 9 198 253 244 246 279 342 351 371 340 344 399 384 380 336 372 376 348 370 397 365 398 379 373 359 394
-2147483647 -2147483647 -2147483647 -2147483647 -2147483647 -2147483647 -2147483647 -2147483647 -2147483647 -2147483647 -2147483647 -2147483647 -2147483647 -2147483647 -2147483647 -2147483647 -2147483647 -2147483647 -2147483647 -2147483647 -2147483647 -2147483647 -2147483647 -2147483647 -2147483647 -2147483647 -2147483647 -2147483647 -2147483647 -2147483647 -2147483647 -2147483647 -2147483647 -2147483647 0 0 0 8 3 3 6 0 0 0 0 0 0 0 0 0 0 0 0 0 0 3 65 238 371 319 301 214 364 398 368 251 377 382 357 392 368 397 311 341 400 318 392 398 385 397 400
-2147483647 -2147483647 -2147483647 -2147483647 -2147483647 -2147483647 -2147483647 -2147483647 -2147483647 -2147483647 -2147483647 -2147483647 -2147483647 -2147483647 -2147483647 -2147483647 -2147483647 -2147483647 -2147483647 -2147483647 -2147483647 -2147483647 -2147483647 -2147483647 -2147483647 -2147483647 -2147483647 -2147483647 -2147483647 -2147483647 -2147483647 -2147483647 -2147483647 -2147483647 0 0 0 0 41 0 0 5 0 0 0 0 0 0 0 1 6 0 0 0 1 7 7 97 339 329 370 209 326 353 371 378 301 362 371 371 400 384 370 387 400 389 256 397 374 391 400
