Post-hoc_landscape_analyses/Environmental_files/WNV_rasters/Land_cover_grasslands_WNV_16.asc
NCOLS 390 
NROWS 216 
XLLCORNER -128.0000208 
YLLCORNER 18.9999684 
CELLSIZE 0.1666666 
NODATA_value -2147483647 
[rows 35 to 69 of 216, columns 237 to 315 of 390]
2 28 7 0 0 0 3 0 0 0 5 37 0 11 0 0 1 1 1 19 75 10 0 2 25 45 0 0 0 0 26 2 42 0 0 29 0 0 0 0 0 0 0 0 5 0 0 0 0 0 3 0 0 3 0 0 23 1 2 0 0 0 0 0 0 0 0 0 3 94 0 9 31 6 7 7 5 27 49
13 25 -2147483647 43 39 37 11 0 6 16 0 0 0 0 2 0 4 18 0 0 6 19 0 0 190 42 0 0 0 0 32 0 0 0 0 1 11 0 0 12 0 0 0 0 0 0 0 0 0 0 177 204 3 1 2 1 0 15 1 24 17 0 0 0 0 0 0 0 0 2 1 19 13 38 1 31 35 68 9
-2147483647 13 25 18 -2147483647 -2147483647 -2147483647 -2147483647 -2147483647 -2147483647 -2147483647 33 20 0 0 3 8 78 4 0 24 0 18 16 38 16 0 0 0 0 0 0 0 0 0 0 0 0 1 0 0 0 2 0 0 29 3 2 2 18 176 297 104 269 137 85 24 74 0 1 0 2 0 32 24 0 3 9 76 83 11 6 0 4 3 22 137 12 3
19 -2147483647 -2147483647 -2147483647 -2147483647 -2147483647 -2147483647 -2147483647 -2147483647 -2147483647 -2147483647 -2147483647 -2147483647 10 1 15 0 0 0 3 7 0 12 45 8 47 0 0 0 0 0 0 0 17 0 0 0 0 0 0 0 8 0 5 48 96 11 1 0 1 0 54 93 126 73 33 1 0 21 1 0 2 8 0 0 0 0 1 69 5 2 17 33 1 24 65 52 27 16
-2147483647 -2147483647 -2147483647 -2147483647 -2147483647 -2147483647 -2147483647 -2147483647 -2147483647 -2147483647 -2147483647 -2147483647 -2147483647 -2147483647 0 0 0 0 0 10 20 11 0 2 1 57 23 7 52 29 14 2 0 11 2 0 1 3 0 18 2 1 5 24 33 102 2 0 0 0 0 0 0 7 3 66 14 12 2 7 31 44 51 0 0 12 3 2 25 2 17 30 0 35 1 0 19 41 60
-2147483647 -2147483647 -2147483647 -2147483647 -2147483647 -2147483647 -2147483647 -2147483647 -2147483647 -2147483647 -2147483647 -2147483647 -2147483647 -2147483647 21 0 0 0 0 0 22 7 4 2 9 33 59 0 20 13 0 0 1 0 5 8 0 0 0 0 0 11 5 1 0 0 6 34 0 6 0 12 0 8 61 12 20 34 5 15 90 26 139 13 16 2 69 51 0 8 15 10 15 8 0 2 9 9 0
-2147483647 -2147483647 -2147483647 -2147483647 -2147483647 -2147483647 -2147483647 -2147483647 -2147483647 -2147483647 -2147483647 -2147483647 -2147483647 -2147483647 -2147483647 16 0 0 14 1 0 0 4 2 30 0 5 5 2 1 5 11 17 1 3 4 14 71 0 0 0 0 6 3 0 0 0 1 0 7 18 0 17 61 24 57 25 6 5 0 4 0 72 121 29 5 3 96 74 2 10 2 1 4 4 28 22 1 0
-2147483647 -2147483647 -2147483647 -2147483647 -2147483647 -2147483647 -2147483647 -2147483647 -2147483647 -2147483647 -2147483647 -2147483647 -2147483647 -2147483647 -2147483647 -2147483647 -2147483647 21 -2147483647 -2147483647 -2147483647 -2147483647 0 4 2 0 0 38 35 18 6 16 8 2 12 11 3 5 10 0 3 8 12 9 7 7 1 0 0 0 0 0 9 4 0 15 28 14 8 7 0 8 17 20 47 16 3 37 16 11 0 1 20 29 1 1 0 1 0
-2147483647 -2147483647 -2147483647 -2147483647 -2147483647 -2147483647 -2147483647 -2147483647 -2147483647 -2147483647 -2147483647 -2147483647 -2147483647 -2147483647 -2147483647 -2147483647 -2147483647 -2147483647 -2147483647 -2147483647 -2147483647 7 2 0 0 0 0 1 2 5 3 6 0 0 5 0 0 23 65 6 9 8 1 0 2 6 4 2 0 1 0 0 0 0 0 32 12 41 24 18 1 77 111 64 0 34 66 0 0 0 0 2 12 9 0 0 24 0 0
-2147483647 -2147483647 -2147483647 -2147483647 -2147483647 -2147483647 -2147483647 -2147483647 -2147483647 -2147483647 -2147483647 -2147483647 -2147483647 -2147483647 -2147483647 -2147483647 -2147483647 -2147483647 -2147483647 -2147483647 -2147483647 12 0 0 0 1 1 1 0 0 0 1 2 8 0 0 0 22 4 9 5 0 9 4 3 5 21 0 0 12 0 0 2 87 35 57 75 55 178 111 7 2 88 12 0 53 62 65 41 31 29 22 21 4 16 48 3 0 0
-2147483647 0 8 29 -2147483647 -2147483647 -2147483647 -2147483647 -2147483647 -2147483647 -2147483647 -2147483647 -2147483647 -2147483647 -2147483647 -2147483647 -2147483647 -2147483647 -2147483647 -2147483647 -2147483647 -2147483647 -2147483647 7 0 0 10 0 0 0 0 0 42 22 4 12 9 1 56 4 22 7 9 0 0 0 15 4 39 37 57 9 8 202 36 0 31 5 8 28 11 18 30 21 6 37 5 97 46 101 116 150 90 0 24 4 12 6 0
6 18 -2147483647 -2147483647 -2147483647 -2147483647 -2147483647 -2147483647 -2147483647 -2147483647 -2147483647 -2147483647 -2147483647 -2147483647 -2147483647 -2147483647 -2147483647 -2147483647 -2147483647 -2147483647 -2147483647 -2147483647 -2147483647 3 0 0 1 0 0 10 0 0 1 0 4 9 28 97 33 7 0 1 2 1 10 0 2 9 1 60 22 19 3 5 99 2 10 20 0 0 7 48 1 4 6 12 4 24 39 15 46 188 30 18 0 0 1 0 0
30 -2147483647 -2147483647 -2147483647 -2147483647 -2147483647 -2147483647 -2147483647 -2147483647 -2147483647 -2147483647 -2147483647 -2147483647 -2147483647 -2147483647 -2147483647 -2147483647 -2147483647 -2147483647 -2147483647 -2147483647 -2147483647 -2147483647 5 0 0 0 0 0 1 0 0 0 1 0 22 5 7 6 0 1 3 20 0 13 0 3 3 16 51 126 32 9 9 56 23 76 16 13 67 39 49 9 31 4 2 17 0 20 36 21 55 49 3 0 22 12 10 23
-2147483647 -2147483647 -2147483647 -2147483647 -2147483647 -2147483647 -2147483647 -2147483647 -2147483647 -2147483647 -2147483647 -2147483647 -2147483647 -2147483647 -2147483647 -2147483647 -2147483647 -2147483647 -2147483647 -2147483647 -2147483647 -2147483647 -2147483647 31 32 0 0 0 0 31 8 1 39 16 0 8 15 0 27 13 12 28 25 12 1 0 11 7 0 16 208 34 0 4 4 62 99 123 31 46 6 0 3 54 1 3 0 18 7 1 10 25 6 0 0 26 86 35 1
8 0 0 0 14 -2147483647 -2147483647 -2147483647 -2147483647 -2147483647 -2147483647 -2147483647 -2147483647 -2147483647 -2147483647 -2147483647 -2147483647 -2147483647 -2147483647 -2147483647 -2147483647 -2147483647 -2147483647 -2147483647 18 0 0 0 0 0 0 0 4 0 2 0 2 14 0 3 0 1 0 0 4 0 217 63 20 1 2 19 20 7 1 2 10 84 20 31 11 9 17 1 19 4 4 2 0 0 12 1 5 0 11 108 170 0 0
0 0 26 2 1 0 -2147483647 -2147483647 -2147483647 -2147483647 -2147483647 -2147483647 -2147483647 1 1 0 0 1 0 18 28 -2147483647 -2147483647 -2147483647 17 8 11 18 0 0 25 11 6 0 23 24 0 1 0 0 1 4 30 1 31 12 29 1 0 0 0 7 16 4 4 0 0 39 11 0 26 31 16 12 0 7 0 25 5 0 0 11 2 22 0 0 0 0 3
0 2 0 0 6 50 5 0 0 2 4 14 0 0 0 0 0 0 1 0 5 0 0 7 11 19 12 7 24 0 27 3 52 47 4 24 10 4 0 11 4 3 8 8 81 14 2 0 0 0 17 13 50 33 5 1 2 0 5 0 0 0 0 2 0 0 11 29 33 14 0 4 16 3 0 0 0 14 2
0 23 0 0 0 0 4 0 0 0 0 0 0 0 1 5 102 0 0 0 0 0 0 0 9 8 33 16 -2147483647 -2147483647 43 54 20 61 41 14 22 5 0 7 0 16 46 67 1 0 0 1 3 48 195 268 301 380 159 38 9 0 0 0 0 1 20 15 22 4 0 2 11 1 2 1 0 4 18 6 60 16 13
0 9 0 0 0 0 0 0 0 0 0 0 10 15 0 12 21 22 -2147483647 29 39 18 5 19 7 7 8 -2147483647 -2147483647 -2147483647 -2147483647 -2147483647 -2147483647 -2147483647 -2147483647 -2147483647 -2147483647 -2147483647 -2147483647 38 26 36 3 0 9 0 8 2 0 1 8 12 17 28 0 8 2 17 1 5 33 3 0 0 0 18 26 13 0 0 1 0 12 2 0 22 58 4 0
0 0 1 3 0 0 0 0 8 12 11 21 16 -2147483647 -2147483647 -2147483647 -2147483647 -2147483647 -2147483647 -2147483647 -2147483647 -2147483647 43 -2147483647 -2147483647 -2147483647 -2147483647 -2147483647 -2147483647 -2147483647 29 -2147483647 27 9 -2147483647 -2147483647 21 41 -2147483647 32 -2147483647 -2147483647 -2147483647 -2147483647 -2147483647 -2147483647 6 0 0 0 8 0 0 0 0 2 17 2 7 14 9 35 10 0 2 0 0 85 35 30 26 0 0 0 0 2 46 13 3
0 0 1 2 0 0 0 0 29 33 -2147483647 21 -2147483647 -2147483647 -2147483647 -2147483647 -2147483647 -2147483647 -2147483647 -2147483647 -2147483647 -2147483647 14 -2147483647 -2147483647 -2147483647 -2147483647 -2147483647 -2147483647 -2147483647 -2147483647 -2147483647 -2147483647 -2147483647 -2147483647 -2147483647 32 110 87 113 41 -2147483647 -2147483647 -2147483647 -2147483647 -2147483647 -2147483647 8 0 0 21 0 0 1 41 6 0 3 8 38 77 27 2 0 0 3 0 0 17 52 6 2 0 0 0 5 0 0 0
0 0 0 0 0 0 0 20 -2147483647 -2147483647 -2147483647 -2147483647 -2147483647 -2147483647 -2147483647 -2147483647 -2147483647 -2147483647 -2147483647 -2147483647 -2147483647 5 43 62 39 4 -2147483647 -2147483647 -2147483647 -2147483647 -2147483647 -2147483647 -2147483647 -2147483647 -2147483647 -2147483647 -2147483647 -2147483647 30 120 46 -2147483647 -2147483647 -2147483647 -2147483647 -2147483647 -2147483647 -2147483647 11 0 1 0 6 11 9 5 4 0 7 2 9 1 7 27 13 39 38 28 33 2 12 30 37 3 45 0 0 6 23
0 2 0 0 0 0 15 -2147483647 -2147483647 -2147483647 -2147483647 -2147483647 -2147483647 -2147483647 -2147483647 -2147483647 -2147483647 -2147483647 -2147483647 -2147483647 -2147483647 15 49 88 0 62 0 0 -2147483647 -2147483647 -2147483647 -2147483647 -2147483647 -2147483647 -2147483647 -2147483647 -2147483647 -2147483647 -2147483647 -2147483647 -2147483647 -2147483647 -2147483647 -2147483647 -2147483647 -2147483647 -2147483647 -2147483647 -2147483647 30 94 5 0 3 0 9 11 0 0 0 2 5 2 37 42 0 0 21 5 4 0 1 27 41 14 84 22 16 0
0 0 0 12 0 15 -2147483647 -2147483647 -2147483647 -2147483647 -2147483647 -2147483647 -2147483647 -2147483647 -2147483647 -2147483647 -2147483647 -2147483647 -2147483647 45 90 14 0 0 0 0 0 0 0 28 83 -2147483647 -2147483647 -2147483647 -2147483647 -2147483647 -2147483647 -2147483647 -2147483647 -2147483647 -2147483647 -2147483647 -2147483647 -2147483647 -2147483647 -2147483647 -2147483647 -2147483647 -2147483647 -2147483647 21 2 46 46 29 26 69 23 40 34 9 0 0 0 1 0 0 0 0 19 17 12 3 0 0 5 2 2 0
0 0 0 0 4 -2147483647 -2147483647 2 -2147483647 -2147483647 -2147483647 -2147483647 -2147483647 -2147483647 -2147483647 -2147483647 -2147483647 -2147483647 -2147483647 42 0 0 7 0 0 0 0 3 4 0 22 -2147483647 -2147483647 -2147483647 -2147483647 -2147483647 -2147483647 -2147483647 -2147483647 -2147483647 -2147483647 -2147483647 4 -2147483647 -2147483647 -2147483647 -2147483647 -2147483647 -2147483647 -2147483647 -2147483647 4 28 113 73 0 1 0 16 1 10 3 21 2 0 0 17 0 1 0 0 0 0 29 6 0 0 0 0
0 0 1 11 -2147483647 -2147483647 -2147483647 27 -2147483647 -2147483647 -2147483647 -2147483647 -2147483647 -2147483647 -2147483647 43 43 -2147483647 72 106 5 0 8 2 5 3 0 33 3 8 2 -2147483647 -2147483647 -2147483647 -2147483647 -2147483647 -2147483647 -2147483647 -2147483647 -2147483647 -2147483647 -2147483647 -2147483647 6 18 -2147483647 -2147483647 -2147483647 -2147483647 -2147483647 -2147483647 -2147483647 28 0 45 1 0 0 5 0 1 0 4 2 0 5 0 18 1 5 11 2 0 5 19 0 0 0 0
13 0 0 -2147483647 -2147483647 0 16 -2147483647 -2147483647 -2147483647 -2147483647 -2147483647 -2147483647 -2147483647 34 0 20 32 19 13 5 0 4 3 0 0 0 0 0 48 0 -2147483647 -2147483647 -2147483647 -2147483647 -2147483647 -2147483647 -2147483647 -2147483647 -2147483647 -2147483647 -2147483647 -2147483647 39 20 13 -2147483647 -2147483647 -2147483647 -2147483647 -2147483647 16 13 2 50 8 12 11 7 0 0 13 9 12 0 0 6 0 7 14 10 14 13 68 6 0 2 4 8
0 0 15 -2147483647 1 0 -2147483647 -2147483647 -2147483647 -2147483647 -2147483647 -2147483647 -2147483647 -2147483647 27 0 22 1 1 0 0 2 23 0 0 9 0 0 0 0 0 -2147483647 -2147483647 -2147483647 -2147483647 -2147483647 -2147483647 -2147483647 -2147483647 -2147483647 -2147483647 -2147483647 -2147483647 8 0 8 0 1 -2147483647 -2147483647 -2147483647 3 2 8 170 132 18 47 53 40 33 25 35 5 4 0 2 0 0 0 0 15 14 37 28 11 10 21 0
0 0 9 2 0 14 -2147483647 -2147483647 -2147483647 -2147483647 -2147483647 -2147483647 -2147483647 -2147483647 13 1 2 0 0 3 0 0 155 3 15 0 0 0 0 0 21 -2147483647 -2147483647 -2147483647 -2147483647 -2147483647 -2147483647 -2147483647 -2147483647 -2147483647 -2147483647 -2147483647 1 0 0 0 0 1 2 0 0 0 4 102 385 345 8 0 36 17 94 2 0 4 16 2 2 5 0 7 4 1 22 1 6 13 14 22 0
76 14 0 0 0 16 -2147483647 -2147483647 -2147483647 -2147483647 -2147483647 -2147483647 -2147483647 0 0 0 0 0 26 9 0 0 37 13 0 2 0 0 1 24 -2147483647 -2147483647 -2147483647 -2147483647 -2147483647 -2147483647 -2147483647 -2147483647 -2147483647 -2147483647 -2147483647 5 0 0 0 0 0 1 2 0 0 12 0 58 72 0 0 46 28 0 0 17 62 0 3 0 1 15 19 9 10 23 22 -2147483647 25 2 0 0 1
369 43 0 0 9 -2147483647 -2147483647 -2147483647 -2147483647 -2147483647 -2147483647 -2147483647 49 0 1 0 0 0 0 0 0 0 0 0 1 0 0 0 7 -2147483647 -2147483647 -2147483647 -2147483647 -2147483647 -2147483647 -2147483647 -2147483647 -2147483647 -2147483647 -2147483647 -2147483647 1 0 0 0 0 0 0 0 0 0 0 0 0 4 0 0 19 2 3 0 74 3 0 19 55 45 101 81 35 -2147483647 -2147483647 -2147483647 22 7 0 14 0 7
311 19 0 0 29 -2147483647 -2147483647 -2147483647 -2147483647 -2147483647 -2147483647 -2147483647 5 0 0 0 0 0 0 1 1 0 0 0 0 0 0 21 -2147483647 -2147483647 -2147483647 1 0 0 1 -2147483647 -2147483647 -2147483647 -2147483647 -2147483647 -2147483647 0 0 0 0 0 0 0 11 0 0 8 1 16 16 0 4 15 21 10 16 -2147483647 -2147483647 -2147483647 -2147483647 -2147483647 -2147483647 44 30 -2147483647 -2147483647 -2147483647 -2147483647 -2147483647 17 0 0 0 0
33 0 0 0 17 -2147483647 -2147483647 -2147483647 -2147483647 -2147483647 -2147483647 -2147483647 2 0 0 0 0 0 0 7 0 0 0 0 0 0 0 -2147483647 -2147483647 -2147483647 3 0 0 0 0 -2147483647 -2147483647 -2147483647 -2147483647 -2147483647 -2147483647 0 0 0 0 0 0 0 2 2 0 0 29 33 0 14 -2147483647 -2147483647 -2147483647 -2147483647 -2147483647 -2147483647 -2147483647 -2147483647 -2147483647 -2147483647 -2147483647 -2147483647 -2147483647 -2147483647 -2147483647 -2147483647 -2147483647 -2147483647 0 0 0 0 0
0 0 0 0 -2147483647 -2147483647 -2147483647 -2147483647 -2147483647 -2147483647 -2147483647 -2147483647 3 0 1 0 0 11 0 0 0 0 0 0 0 2 0 5 2 0 0 0 0 0 0 -2147483647 -2147483647 -2147483647 -2147483647 -2147483647 -2147483647 0 0 0 0 0 0 0 0 0 0 12 42 9 -2147483647 -2147483647 -2147483647 -2147483647 -2147483647 -2147483647 -2147483647 -2147483647 -2147483647 -2147483647 -2147483647 -2147483647 -2147483647 -2147483647 -2147483647 -2147483647 -2147483647 -2147483647 -2147483647 -2147483647 1 11 3 0 0
0 1 0 20 -2147483647 -2147483647 -2147483647 -2147483647 -2147483647 -2147483647 -2147483647 -2147483647 21 0 0 1 4 2 0 0 0 0 0 0 0 0 0 0 0 0 0 0 0 0 0 3 -2147483647 -2147483647 -2147483647 -2147483647 -2147483647 0 0 0 0 0 0 2 2 11 0 0 31 -2147483647 -2147483647 -2147483647 -2147483647 -2147483647 -2147483647 -2147483647 -2147483647 -2147483647 -2147483647 -2147483647 -2147483647 -2147483647 -2147483647 -2147483647 -2147483647 -2147483647 -2147483647 13 3 0 0 0 0 0 0
