Post-hoc_landscape_analyses/Environmental_files/WNV_rasters/Land_cover_shrublands_WNV_16.asc
NCOLS 390 
NROWS 216 
XLLCORNER -128.0000208 
YLLCORNER 18.9999684 
CELLSIZE 0.1666666 
NODATA_value -2147483647 
[rows 0 to 35 of 216, columns 243 to 323 of 390]
57 168 84 32 76 190 206 203 224 98 45 49 120 272 225 272 157 126 169 250 346 382 368 298 360 383 345 380 397 391 352 -2147483647 -2147483647 -2147483647 -2147483647 -2147483647 -2147483647 -2147483647 -2147483647 -2147483647 -2147483647 -2147483647 -2147483647 -2147483647 -2147483647 -2147483647 -2147483647 -2147483647 -2147483647 -2147483647 -2147483647 -2147483647 170 196 210 217 341 215 186 335 335 243 165 97 41 82 173 267 351 400 385 330 269 120 249 349 322 358 307 265 388
56 119 112 157 182 74 57 53 90 148 118 111 102 155 209 232 233 159 206 155 180 233 278 313 348 377 357 378 394 387 396 200 -2147483647 -2147483647 -2147483647 -2147483647 -2147483647 -2147483647 -2147483647 -2147483647 -2147483647 -2147483647 -2147483647 -2147483647 -2147483647 -2147483647 -2147483647 -2147483647 162 234 164 209 288 237 74 83 244 336 225 159 126 302 292 382 255 136 156 228 272 374 398 393 142 13 36 317 383 257 260 295 302
54 72 112 40 145 170 163 149 142 106 84 136 112 38 89 248 214 181 176 108 108 31 121 93 224 189 178 197 201 338 394 -2147483647 -2147483647 -2147483647 -2147483647 -2147483647 -2147483647 -2147483647 -2147483647 -2147483647 -2147483647 -2147483647 -2147483647 -2147483647 -2147483647 -2147483647 -2147483647 -2147483647 296 129 222 296 329 363 369 310 209 234 261 311 307 215 328 352 389 400 388 214 149 363 350 364 88 192 116 237 303 380 381 279 153
28 70 122 128 64 91 88 157 35 9 34 128 45 36 34 191 256 285 113 75 70 62 211 209 244 111 32 32 60 123 174 -2147483647 -2147483647 -2147483647 -2147483647 -2147483647 -2147483647 -2147483647 -2147483647 -2147483647 -2147483647 -2147483647 -2147483647 -2147483647 -2147483647 -2147483647 -2147483647 -2147483647 195 152 46 337 286 384 396 290 211 169 324 263 117 26 256 125 215 389 390 244 89 133 97 143 352 277 201 302 304 326 368 332 245
10 30 84 49 49 82 123 112 47 23 97 91 12 4 12 19 186 316 211 137 132 47 82 127 118 42 35 64 108 182 -2147483647 -2147483647 -2147483647 -2147483647 -2147483647 -2147483647 -2147483647 -2147483647 -2147483647 -2147483647 -2147483647 -2147483647 -2147483647 -2147483647 -2147483647 -2147483647 -2147483647 -2147483647 -2147483647 167 200 323 364 392 398 392 378 383 385 391 317 305 307 264 222 302 200 140 49 14 180 321 185 256 294 298 372 271 278 231 225
5 12 61 63 17 14 84 48 34 71 92 44 43 29 11 154 230 113 139 239 111 41 229 191 121 168 79 11 83 99 218 -2147483647 -2147483647 -2147483647 -2147483647 -2147483647 -2147483647 -2147483647 -2147483647 -2147483647 -2147483647 -2147483647 -2147483647 -2147483647 -2147483647 -2147483647 -2147483647 -2147483647 -2147483647 -2147483647 -2147483647 91 168 389 395 400 400 350 261 395 344 388 370 363 206 170 40 0 7 20 153 197 164 210 299 315 288 323 217 209 205
7 10 26 15 13 8 14 7 10 38 59 15 13 76 48 153 246 57 38 25 20 107 202 109 86 100 41 25 25 46 129 144 -2147483647 -2147483647 -2147483647 -2147483647 -2147483647 -2147483647 -2147483647 -2147483647 -2147483647 -2147483647 -2147483647 -2147483647 -2147483647 -2147483647 -2147483647 -2147483647 -2147483647 -2147483647 -2147483647 93 155 364 400 400 400 398 391 366 367 400 371 214 124 4 0 40 41 208 47 0 0 0 14 102 65 137 11 164 301
4 10 17 21 34 6 0 3 4 9 2 10 1 17 22 51 83 89 46 50 37 55 92 57 65 29 8 39 41 29 92 10 -2147483647 -2147483647 -2147483647 -2147483647 -2147483647 -2147483647 -2147483647 -2147483647 -2147483647 -2147483647 -2147483647 -2147483647 -2147483647 -2147483647 -2147483647 -2147483647 -2147483647 -2147483647 -2147483647 74 66 206 205 257 227 213 118 27 7 36 16 0 0 0 8 7 33 13 2 0 0 10 43 18 1 7 37 98 115
42 7 10 0 1 35 22 9 0 29 5 9 3 6 96 72 53 26 45 16 12 38 33 11 22 30 38 18 22 28 99 29 -2147483647 -2147483647 -2147483647 -2147483647 -2147483647 -2147483647 -2147483647 -2147483647 -2147483647 -2147483647 -2147483647 -2147483647 -2147483647 -2147483647 -2147483647 -2147483647 -2147483647 -2147483647 -2147483647 4 148 262 245 320 216 197 309 136 11 4 0 0 0 5 3 33 62 9 0 2 32 36 92 67 14 37 97 95 275
14 2 0 0 0 4 17 4 14 22 22 7 0 6 10 28 19 31 68 48 14 13 15 30 37 35 20 15 28 39 22 18 -2147483647 -2147483647 -2147483647 -2147483647 -2147483647 -2147483647 -2147483647 -2147483647 -2147483647 -2147483647 -2147483647 -2147483647 -2147483647 -2147483647 -2147483647 -2147483647 -2147483647 -2147483647 -2147483647 4 71 114 170 294 203 238 361 223 284 347 170 16 1 2 26 72 70 88 209 232 178 305 269 356 163 111 312 346 248
39 26 8 17 4 0 7 17 22 0 2 2 0 3 9 49 52 44 84 142 167 67 22 27 26 7 4 8 3 8 35 8 -2147483647 -2147483647 -2147483647 -2147483647 -2147483647 -2147483647 -2147483647 -2147483647 -2147483647 -2147483647 -2147483647 -2147483647 -2147483647 -2147483647 -2147483647 -2147483647 -2147483647 -2147483647 -2147483647 43 220 312 364 384 352 284 377 288 348 380 187 59 1 78 156 219 269 238 334 295 144 253 303 265 198 332 282 202 222
0 0 7 1 3 0 1 1 2 1 1 0 9 2 36 12 84 71 65 34 31 64 57 45 45 15 53 9 65 78 14 -2147483647 -2147483647 23 156 162 323 369 302 -2147483647 -2147483647 -2147483647 -2147483647 -2147483647 -2147483647 -2147483647 -2147483647 -2147483647 -2147483647 -2147483647 -2147483647 0 105 155 273 292 400 400 400 400 386 374 377 142 0 92 256 331 387 323 320 292 252 152 216 317 171 214 216 176 277
0 0 0 2 3 5 4 2 6 0 8 0 11 16 5 25 16 7 20 45 5 29 3 36 62 30 30 65 27 35 60 30 -2147483647 -2147483647 -2147483647 26 22 93 230 362 -2147483647 -2147483647 -2147483647 -2147483647 -2147483647 -2147483647 -2147483647 -2147483647 -2147483647 -2147483647 -2147483647 -2147483647 14 138 370 400 399 389 400 371 345 357 318 104 40 126 174 176 212 350 334 376 324 376 353 389 308 243 226 303 395
36 20 0 8 4 7 6 19 13 2 3 6 12 11 78 48 24 20 16 31 95 50 24 23 17 22 68 18 20 46 61 75 49 -2147483647 -2147483647 -2147483647 -2147483647 -2147483647 -2147483647 140 146 -2147483647 -2147483647 -2147483647 -2147483647 -2147483647 -2147483647 -2147483647 -2147483647 -2147483647 -2147483647 -2147483647 45 198 341 322 360 388 397 199 200 315 286 266 218 118 122 144 107 312 330 388 368 343 374 349 172 121 349 357 329
9 0 5 0 0 6 14 2 6 11 35 21 4 24 46 42 35 3 2 15 62 109 74 21 98 17 20 4 43 32 44 50 62 132 -2147483647 -2147483647 -2147483647 -2147483647 -2147483647 -2147483647 -2147483647 -2147483647 -2147483647 -2147483647 -2147483647 -2147483647 -2147483647 -2147483647 -2147483647 -2147483647 -2147483647 -2147483647 -2147483647 14 110 172 193 240 371 319 284 333 332 380 313 34 42 6 72 324 263 171 166 222 172 76 44 125 291 210 63
2 0 0 0 4 0 19 2 3 4 10 6 2 7 16 53 16 20 13 20 41 19 47 4 18 10 3 4 46 58 120 35 83 46 105 21 -2147483647 -2147483647 -2147483647 -2147483647 -2147483647 -2147483647 -2147483647 -2147483647 -2147483647 -2147483647 -2147483647 -2147483647 -2147483647 -2147483647 -2147483647 -2147483647 -2147483647 -2147483647 4 3 1 7 114 70 116 281 122 237 108 35 3 80 290 378 369 330 275 161 92 119 171 182 182 193 129
0 0 0 0 1 10 9 3 7 5 6 4 4 16 90 61 22 27 51 13 33 32 48 48 14 18 17 18 1 16 30 77 127 53 59 33 -2147483647 -2147483647 -2147483647 -2147483647 -2147483647 -2147483647 -2147483647 -2147483647 -2147483647 -2147483647 -2147483647 -2147483647 -2147483647 -2147483647 -2147483647 -2147483647 -2147483647 -2147483647 3 56 69 76 104 126 139 234 346 291 250 133 32 192 240 301 169 197 141 26 108 51 30 88 265 175 180
15 2 0 0 1 1 13 3 0 15 2 3 35 34 83 61 90 94 34 33 24 17 3 23 7 2 24 61 27 31 40 142 50 70 38 48 97 -2147483647 -2147483647 -2147483647 -2147483647 -2147483647 -2147483647 -2147483647 -2147483647 -2147483647 -2147483647 -2147483647 -2147483647 -2147483647 -2147483647 -2147483647 -2147483647 43 22 95 120 62 171 261 125 196 124 123 72 103 112 158 96 18 57 238 289 296 295 59 32 185 276 274 249
0 0 0 0 1 9 12 4 3 11 20 12 6 7 47 45 99 54 73 63 40 23 54 41 35 38 55 84 49 110 111 52 93 102 69 113 125 224 214 40 -2147483647 -2147483647 -2147483647 -2147483647 -2147483647 -2147483647 -2147483647 -2147483647 -2147483647 -2147483647 -2147483647 -2147483647 10 72 52 105 136 201 284 237 292 311 267 198 108 134 190 337 260 198 266 289 282 171 96 148 167 110 176 213 306
0 0 0 0 0 0 0 5 1 38 6 7 19 17 26 26 34 85 83 93 158 79 48 33 35 38 15 59 58 93 93 87 110 72 88 143 240 265 147 212 154 -2147483647 -2147483647 -2147483647 -2147483647 -2147483647 -2147483647 -2147483647 -2147483647 -2147483647 -2147483647 1 5 40 45 59 121 147 166 229 260 311 73 73 240 302 259 351 390 370 340 348 198 25 103 162 330 313 202 270 270
0 0 0 0 0 0 6 0 4 11 3 4 6 34 20 16 20 137 151 150 225 160 43 82 51 38 89 130 41 87 101 97 122 100 48 43 71 90 24 34 150 92 -2147483647 -2147483647 -2147483647 -2147483647 -2147483647 -2147483647 14 -2147483647 -2147483647 -2147483647 8 34 75 183 242 121 217 207 249 212 100 140 228 179 232 156 136 137 393 332 206 189 68 113 158 113 215 169 331
0 0 2 4 0 0 3 3 15 1 7 1 0 14 17 10 10 161 112 35 36 122 58 103 179 118 142 152 132 128 178 141 169 93 17 66 89 80 35 31 36 52 -2147483647 -2147483647 -2147483647 -2147483647 -2147483647 15 125 71 62 -2147483647 18 72 89 159 88 76 215 357 245 196 203 106 65 198 103 194 266 122 58 33 29 21 8 2 50 47 70 13 76
0 0 0 0 0 0 0 0 3 10 9 3 13 21 5 63 112 79 82 21 67 30 61 99 145 91 158 165 199 154 75 231 231 193 139 93 77 81 59 6 0 3 68 130 38 -2147483647 -2147483647 110 59 94 19 5 30 62 118 171 181 243 77 40 70 60 24 41 117 161 107 103 84 25 16 9 5 21 77 107 6 4 21 153 158
2 0 0 0 5 0 0 9 8 3 39 18 11 15 12 25 67 29 24 6 19 47 42 92 118 140 122 66 78 100 200 205 145 158 64 19 21 0 1 4 1 83 69 100 36 42 17 44 123 41 33 133 65 70 84 93 82 98 101 2 32 3 5 1 113 79 0 0 1 12 166 7 30 83 178 27 21 14 31 190 107
0 0 0 2 0 0 0 0 0 7 5 15 18 20 4 12 28 23 69 89 51 89 33 28 91 190 100 159 158 125 211 282 142 14 10 57 26 37 68 33 3 38 15 13 19 16 20 4 195 85 48 174 179 226 33 17 45 3 2 1 1 0 0 0 0 0 5 2 2 47 70 154 94 128 262 90 52 25 140 176 36
1 1 0 0 0 0 0 0 0 0 0 0 31 8 12 2 0 16 20 72 27 14 30 35 47 24 67 108 141 167 113 114 14 57 145 117 100 82 107 61 143 13 37 28 3 29 45 94 105 115 160 106 260 50 54 20 5 16 16 25 1 1 1 0 3 1 0 5 45 27 150 114 108 6 21 38 133 119 274 110 11
0 1 0 0 0 0 0 0 0 2 0 5 0 16 11 15 7 2 33 27 16 18 14 7 36 46 72 93 18 17 136 82 83 25 75 100 60 17 27 14 8 52 82 2 3 73 48 93 33 71 145 128 207 17 5 1 0 3 8 66 31 0 0 0 0 1 0 17 9 0 21 18 2 32 34 38 114 80 56 50 12
0 1 0 0 0 0 1 0 0 0 0 2 0 4 2 0 11 0 2 47 31 19 5 0 22 24 47 27 3 10 106 106 181 68 15 37 15 10 13 0 60 70 0 0 0 9 92 31 20 14 11 56 170 71 0 7 5 1 3 56 39 0 0 0 1 9 6 12 7 4 90 27 5 16 19 0 0 29 76 107 20
0 0 0 0 0 0 0 0 0 0 0 0 0 0 6 0 0 1 0 18 17 0 1 17 3 0 46 103 31 24 120 216 59 20 1 3 12 30 9 8 1 7 0 0 0 4 14 5 18 3 5 24 16 9 58 11 62 49 41 9 0 0 0 0 1 13 1 11 1 6 30 40 4 35 49 1 7 9 87 153 10
0 0 0 0 0 0 0 0 0 0 0 0 0 0 0 0 2 1 0 0 0 0 0 11 3 0 0 0 7 1 18 3 0 0 0 3 0 0 0 1 5 3 3 14 23 8 1 4 2 6 6 0 10 0 26 16 47 30 7 0 0 0 0 0 0 0 1 0 0 0 0 0 0 4 0 0 1 1 24 13 0
0 0 0 0 0 0 0 0 0 0 0 0 0 0 0 0 0 0 0 0 0 0 0 0 0 0 0 0 0 0 0 0 0 0 0 0 0 0 0 2 4 14 20 5 0 0 0 0 6 78 65 11 5 5 9 5 15 23 20 0 0 0 0 0 0 0 0 0 0 0 0 0 2 0 0 0 0 0 4 0 0
0 0 0 0 0 0 0 0 0 0 0 0 0 0 0 0 0 0 0 0 0 0 0 0 0 0 0 0 0 0 0 0 0 0 0 7 0 0 0 0 0 0 3 0 0 2 0 0 0 2 40 3 0 1 18 7 6 0 6 0 0 0 0 0 0 0 0 0 0 0 0 0 0 2 1 0 0 0 0 0 15
0 0 0 0 0 0 0 0 0 0 0 0 0 0 0 0 0 0 0 0 0 0 0 0 0 0 0 0 0 0 0 0 0 0 0 18 3 0 0 0 0 0 0 0 0 0 5 18 1 0 6 4 2 0 2 0 0 0 0 0 0 0 0 0 0 0 0 0 0 0 0 3 0 0 0 0 0 1 0 1 15
0 0 0 0 0 0 0 0 0 0 0 0 0 0 0 0 0 0 0 0 0 0 0 0 0 0 0 0 0 0 0 0 0 0 0 0 0 0 0 0 0 0 0 0 0 0 1 0 0 2 0 0 0 0 0 0 0 0 1 0 0 0 2 0 1 0 0 0 0 0 0 14 0 0 0 1 0 15 30 0 29
0 0 0 0 0 0 0 0 0 0 0 0 0 0 0 0 0 0 0 0 0 0 0 0 0 0 0 0 0 0 0 0 0 0 0 0 0 0 0 0 0 0 0 0 0 0 0 0 0 0 0 0 0 0 0 0 0 0 0 0 0 0 0 0 0 0 0 0 2 0 2 0 0 0 3 1 13 0 30 7 2
0 0 0 0 0 0 0 0 0 0 0 0 0 0 0 0 0 0 0 0 0 0 0 0 0 0 0 0 0 0 0 0 0 0 0 0 0 0 0 0 0 0 0 0 0 0 0 0 0 0 0 0 0 0 0 0 0 0 0 0 0 0 0 0 0 0 4 5 6 11 34 7 4 1 7 27 0 0 4 6 5
