Post-hoc_landscape_analyses/Environmental_files/WNV_rasters/Land_cover_shrublands_WNV_16.asc
NCOLS 390 
NROWS 216 
XLLCORNER -128.0000208 
YLLCORNER 18.9999684 
CELLSIZE 0.1666666 
NODATA_value -2147483647 
[rows 108 to 143 of 216, columns 81 to 161 of 390]
399 400 386 395 379 397 322 379 395 388 365 363 331 352 387 387 395 282 143 195 375 399 396 390 400 382 399 336 364 370 398 381 371 392 248 282 225 85 5 3 4 7 0 0 0 0 0 0 0 0 0 0 0 0 0 0 4 16 0 6 1 1 0 9 70 9 40 41 13 2 0 0 0 0 0 0 0 0 0 0 0
390 357 380 386 360 391 400 399 337 381 361 393 396 105 333 394 396 340 398 399 400 400 387 386 387 387 370 299 260 291 400 340 363 395 274 356 259 226 130 45 19 19 0 0 0 0 0 0 0 0 0 0 0 1 0 0 0 25 75 25 2 1 0 3 0 2 0 0 8 1 2 0 0 0 0 0 0 0 0 0 0
271 383 392 400 400 400 396 385 312 385 400 400 224 39 267 379 399 400 400 400 400 397 400 385 364 363 386 397 264 307 380 351 377 393 284 337 313 134 178 167 159 44 2 18 0 0 0 0 0 0 0 0 0 0 0 0 9 28 4 0 3 23 0 0 0 0 0 0 0 0 0 0 0 0 0 0 0 0 0 0 0
190 382 392 400 382 399 397 323 339 370 338 397 245 0 75 367 360 381 399 400 400 400 400 368 320 389 379 383 379 354 400 362 90 378 378 391 394 373 339 182 164 226 22 26 4 1 3 0 3 0 0 0 0 20 0 0 0 1 0 2 0 0 0 0 0 0 0 0 0 0 0 0 0 0 0 0 0 0 0 0 0
114 359 378 389 390 371 384 386 360 387 380 397 342 256 93 280 273 388 400 369 346 390 383 377 365 377 368 288 382 376 398 227 49 195 399 400 400 400 378 249 234 279 80 40 56 31 0 4 6 10 66 12 46 0 0 0 6 11 0 0 0 0 0 0 0 0 0 0 0 0 0 0 0 0 0 0 0 0 0 0 0
147 158 298 363 391 356 276 354 388 329 299 375 346 340 297 297 382 369 353 343 384 386 312 374 254 311 285 305 344 318 359 144 86 82 351 398 399 397 400 399 370 259 209 56 48 16 3 11 6 38 46 82 10 0 12 46 4 9 0 6 14 0 0 0 20 18 0 0 0 0 0 0 0 0 0 0 0 0 0 0 0
324 273 389 400 398 393 359 340 129 213 179 181 240 321 285 80 345 392 367 334 398 378 302 336 178 252 248 213 114 257 156 6 97 165 299 283 393 392 375 378 381 286 165 125 26 43 2 0 2 46 118 212 0 0 28 111 8 69 5 17 6 31 0 15 8 4 0 0 0 0 0 0 0 0 0 0 0 0 0 0 0
255 398 340 400 400 397 391 374 224 189 204 20 152 197 312 248 296 300 280 384 379 400 331 364 304 192 142 109 180 32 98 40 93 199 263 327 354 361 391 365 310 281 291 366 159 153 171 74 97 130 113 152 0 0 20 57 7 9 22 68 138 168 101 33 8 5 2 0 0 0 0 0 0 0 0 0 0 0 0 0 0
399 396 296 326 397 400 396 400 395 236 240 69 117 133 87 122 178 107 99 310 335 399 398 397 382 310 219 182 225 29 170 76 80 28 73 149 140 163 239 342 313 335 337 305 308 384 395 333 333 84 53 91 114 160 139 152 37 58 121 359 109 14 126 84 53 28 9 25 0 1 0 0 0 0 0 0 0 0 0 0 0
400 400 398 377 391 400 400 399 397 301 365 277 245 189 113 14 6 108 188 29 300 350 376 355 345 294 191 214 212 180 139 277 147 60 69 50 43 122 79 187 264 159 58 210 218 367 333 302 332 246 270 201 210 272 342 363 348 252 236 124 126 62 112 73 37 12 96 71 7 4 4 0 0 2 0 0 0 0 0 0 0
400 400 360 377 399 400 399 398 399 354 345 355 375 106 1 0 0 58 137 31 306 265 347 391 299 331 218 312 285 229 220 98 50 48 36 33 18 23 149 59 194 33 125 279 310 285 95 180 244 271 85 50 111 313 235 298 224 72 61 86 78 99 145 191 130 67 49 31 9 0 1 3 2 0 0 1 0 0 0 0 0
400 400 400 344 400 400 400 388 395 382 381 398 385 280 64 59 1 1 53 191 284 217 155 384 380 279 332 269 259 91 101 60 38 36 64 88 3 7 8 102 104 141 135 221 271 160 19 30 238 191 16 8 41 229 124 136 67 175 90 57 93 138 155 197 161 120 88 9 0 3 9 22 0 2 0 0 2 0 0 0 0
400 400 397 390 400 400 400 400 392 281 400 400 397 360 396 330 173 0 0 171 315 195 132 264 192 329 226 230 257 174 213 159 112 18 100 27 2 16 145 266 140 204 166 83 60 56 118 167 181 209 37 102 66 65 91 158 218 202 237 89 81 145 146 167 106 193 96 55 10 0 9 1 0 0 0 0 7 30 26 44 113
395 400 389 392 397 400 400 400 393 341 370 384 254 293 301 377 371 280 3 15 59 90 134 243 368 273 73 133 167 206 286 215 41 36 0 0 4 35 52 145 78 11 53 169 183 182 178 30 152 120 184 345 178 0 16 60 160 140 187 279 208 77 39 92 97 79 55 53 40 10 1 1 0 0 0 0 0 0 55 58 15
348 378 400 400 400 400 400 398 400 399 396 285 307 361 321 387 393 354 57 0 18 39 109 90 143 114 170 58 158 191 276 154 53 31 80 5 34 28 0 68 139 32 133 173 223 273 228 69 222 68 232 224 6 30 26 29 22 121 207 155 137 104 97 125 52 92 31 37 8 6 0 0 0 1 0 0 0 0 39 105 70
329 329 399 400 400 400 400 400 400 400 392 336 78 363 400 390 382 319 60 91 16 0 4 110 21 59 83 53 55 38 123 60 22 3 11 31 22 0 16 56 67 57 121 44 156 221 205 253 284 174 83 209 126 123 132 62 12 40 129 210 228 199 193 140 195 146 74 71 4 0 0 0 0 0 0 0 0 0 0 10 89
397 397 379 400 400 389 400 400 400 400 395 400 256 375 400 388 336 353 371 316 287 128 31 21 87 18 61 78 75 5 76 8 1 1 0 82 53 58 33 118 108 92 128 34 59 72 115 266 342 266 134 174 323 228 217 189 69 213 229 247 338 259 187 37 39 112 69 17 0 0 0 0 0 0 0 0 0 0 0 18 85
220 122 126 269 342 318 400 400 400 400 400 400 376 381 395 399 397 389 276 385 271 299 244 263 298 338 113 12 0 0 2 25 15 13 47 81 24 81 33 24 6 4 50 99 64 101 208 313 326 319 292 284 327 198 220 201 183 157 161 329 367 197 263 169 41 38 89 52 12 11 1 0 0 0 0 0 0 0 0 0 65
69 30 250 241 318 386 397 400 381 400 398 400 400 372 400 393 399 356 305 382 177 115 376 290 326 317 342 275 11 0 0 6 10 77 172 254 157 58 90 52 67 170 102 95 114 46 210 271 343 276 299 291 289 161 98 185 232 222 295 295 281 315 342 216 50 40 37 21 6 4 3 0 2 0 0 0 0 0 0 0 5
202 239 379 284 364 394 389 400 390 400 400 400 380 364 345 390 393 399 354 317 327 289 396 357 358 371 334 318 104 0 23 5 203 234 345 284 151 102 113 51 76 199 166 94 117 106 166 274 264 313 372 335 313 189 230 210 310 274 207 379 389 337 373 253 106 60 14 7 1 0 1 0 0 0 3 7 1 3 0 0 0
350 382 400 398 358 256 193 321 387 389 400 400 368 115 32 129 371 400 400 388 365 393 395 374 307 360 351 300 318 270 169 242 305 367 323 222 89 21 117 104 165 161 270 140 184 36 178 306 156 283 383 343 269 318 334 379 355 386 335 387 372 394 370 292 255 85 135 16 7 20 1 3 8 4 5 9 0 3 0 6 0
400 317 400 400 400 383 400 344 317 389 331 249 313 247 177 64 90 325 400 378 315 381 381 400 392 385 337 319 228 348 296 374 354 152 185 81 154 149 249 118 291 285 313 238 123 314 268 94 135 338 372 321 42 374 400 378 379 382 369 350 264 376 377 359 336 207 102 44 22 11 3 4 7 10 5 3 2 3 0 34 0
400 395 400 400 400 400 400 400 400 396 362 365 367 385 349 278 323 336 396 400 397 353 349 398 350 400 395 320 382 377 304 293 346 305 144 95 217 366 370 251 345 252 195 183 153 387 338 315 313 375 390 392 229 251 374 352 345 367 393 358 285 357 397 387 248 224 128 26 18 104 92 20 10 14 5 7 10 12 8 0 0
398 400 400 304 380 400 394 340 387 399 372 369 268 171 197 323 378 393 356 400 400 397 387 398 400 396 396 388 361 313 231 298 368 162 125 243 364 392 388 236 268 170 179 231 118 394 381 362 291 217 397 383 96 186 372 335 364 399 400 396 331 389 400 395 313 325 228 127 100 66 197 80 39 28 18 39 98 87 83 0 33
276 377 400 385 196 272 336 374 361 134 339 364 397 356 253 146 253 283 306 395 400 400 396 399 400 364 335 373 338 370 236 274 321 346 261 281 383 297 341 362 246 202 259 295 380 389 399 345 54 12 384 380 45 151 397 382 391 400 399 367 301 400 400 396 386 372 375 372 209 167 150 167 154 81 13 151 164 122 5 46 8
243 319 255 158 173 9 115 234 268 164 395 395 400 396 390 334 290 274 342 398 400 396 400 400 388 372 302 216 317 377 383 381 386 372 389 399 322 268 320 374 329 259 303 310 361 400 393 391 194 227 397 392 100 198 396 383 393 400 400 400 343 399 400 400 400 400 379 400 191 66 187 138 132 125 91 72 87 90 90 28 10
77 256 23 40 28 136 67 122 309 335 400 400 400 396 392 386 370 330 383 399 400 400 399 399 386 258 394 338 276 400 389 340 399 399 370 315 297 245 304 382 327 299 206 366 363 397 395 392 399 400 400 400 393 372 400 400 386 400 400 400 398 400 400 400 398 397 400 400 367 298 250 186 264 269 218 248 240 164 131 5 41
0 30 40 91 61 44 82 112 353 346 387 400 399 398 397 389 395 400 400 393 380 356 301 372 400 388 357 320 357 375 400 400 370 357 390 394 333 367 394 400 390 389 366 374 400 372 353 394 395 400 400 352 343 400 399 399 400 400 399 400 400 342 370 393 400 398 400 400 400 399 374 369 370 299 269 292 152 181 169 63 53
0 0 75 167 316 79 104 69 277 397 398 369 369 400 400 400 400 400 400 397 293 74 357 327 399 398 392 356 301 357 352 396 374 297 400 396 399 397 400 400 376 400 400 400 400 394 234 400 399 400 400 387 376 400 400 400 400 400 400 400 400 397 336 382 400 400 400 400 400 393 399 388 399 375 341 363 284 117 147 60 44
0 9 0 82 131 118 190 257 345 400 400 370 348 397 400 400 400 400 400 400 354 339 400 376 354 393 324 328 274 378 358 374 396 353 396 398 397 399 400 400 400 400 400 400 400 400 336 306 400 400 400 388 399 400 400 400 391 400 398 400 399 400 400 400 400 400 400 400 400 388 398 394 398 400 360 367 358 168 199 119 62
0 0 0 0 24 314 298 123 365 380 399 396 386 361 400 400 400 396 400 398 374 387 400 388 365 388 380 345 394 347 362 228 366 388 381 398 382 399 398 400 400 400 398 400 400 400 400 247 334 399 400 399 400 400 400 285 298 398 386 400 400 400 400 396 400 400 400 397 384 389 400 400 328 391 374 359 299 211 97 3 15
0 0 0 0 23 198 268 70 100 262 359 355 398 400 400 400 400 400 400 400 397 347 357 318 378 391 366 367 356 375 383 368 366 381 391 400 382 398 399 399 400 386 382 320 332 400 400 329 142 316 400 400 397 400 400 400 373 316 399 400 400 400 400 400 400 400 400 400 400 389 400 400 398 391 400 400 395 382 236 188 89
-2147483647 0 19 -2147483647 2 6 95 0 164 125 393 348 388 400 399 400 400 394 400 399 382 387 393 316 317 352 392 352 399 395 397 397 400 351 346 395 376 377 349 385 399 398 354 290 213 241 369 399 316 229 392 400 400 400 400 400 400 382 400 398 400 400 400 400 400 400 400 400 400 386 399 400 396 400 397 399 387 395 336 194 72
-2147483647 -2147483647 -2147483647 -2147483647 -2147483647 6 0 4 44 67 291 400 400 400 400 400 400 398 389 392 398 388 378 194 288 260 389 314 390 384 400 399 400 358 388 397 394 371 357 398 400 399 385 396 139 284 296 381 390 363 231 352 400 400 400 400 400 400 400 400 400 400 400 400 400 397 395 400 400 400 400 400 397 400 400 400 399 376 280 131 14
-2147483647 -2147483647 -2147483647 -2147483647 -2147483647 -2147483647 -2147483647 43 68 34 57 395 399 400 400 400 400 400 400 400 381 319 368 309 196 353 377 341 369 384 400 400 400 359 353 378 400 387 397 396 388 389 342 397 209 8 116 284 244 391 398 327 384 400 400 400 400 400 398 400 400 400 400 400 400 400 400 400 400 400 400 399 400 400 400 400 398 382 275 111 27
-2147483647 -2147483647 -2147483647 -2147483647 -2147483647 -2147483647 -2147483647 -2147483647 -2147483647 5 240 400 400 399 400 400 400 400 400 398 400 299 307 270 281 367 321 279 339 381 396 390 353 339 379 389 400 341 399 397 391 388 387 356 304 20 45 327 400 400 400 400 400 400 400 400 400 398 398 400 400 400 400 400 400 400 400 400 400 400 400 398 400 396 387 389 393 328 198 16 0
