Post-hoc_landscape_analyses/Environmental_files/WNV_rasters/Land_cover_grasslands_WNV_16.asc
NCOLS 390 
NROWS 216 
XLLCORNER -128.0000208 
YLLCORNER 18.9999684 
CELLSIZE 0.1666666 
NODATA_value -2147483647 
[rows 0 to 34 of 216, columns 79 to 157 of 390]
0 0 8 6 2 11 13 18 0 0 0 4 0 6 11 148 177 121 6 0 34 0 0 2 0 3 28 0 1 160 352 264 35 7 15 19 12 0 0 49 155 18 10 1 184 127 2 2 0 62 58 9 4 13 2 6 0 107 214 62 198 201 89 72 39 15 36 44 183 269 111 206 36 55 36 52 27 75 26
1 0 0 1 5 0 17 19 0 0 1 12 1 42 7 81 42 129 39 76 90 104 7 74 0 9 16 0 50 65 4 12 5 11 32 32 12 0 0 1 3 3 0 88 320 370 238 157 185 25 29 0 2 0 5 1 0 3 0 0 6 0 5 1 0 0 40 250 109 34 40 41 70 4 29 66 47 94 90
0 0 0 1 0 4 17 0 0 0 0 37 12 6 3 0 1 4 12 34 78 0 0 9 5 30 37 160 329 204 41 0 3 1 10 3 7 61 48 1 1 0 2 0 73 63 63 183 109 20 7 1 59 39 14 23 21 17 9 4 4 0 1 2 6 0 46 240 34 82 120 60 37 28 89 370 155 65 246
0 1 0 2 0 0 0 0 0 0 0 0 4 0 15 0 2 64 0 28 0 0 0 3 1 2 0 18 102 10 12 23 88 15 17 16 48 11 116 36 32 2 7 10 166 26 61 151 106 12 32 16 39 63 144 250 0 44 55 42 5 7 2 8 176 30 2 1 13 12 32 69 179 114 23 79 89 63 48
0 0 5 0 0 0 0 0 0 0 0 0 0 0 3 1 1 0 27 19 0 0 1 90 25 21 3 8 1 4 7 0 0 0 4 0 0 0 4 4 8 0 39 1 10 57 45 9 16 70 18 27 17 10 334 77 0 15 23 1 8 22 0 0 1 5 2 58 15 1 0 22 18 53 44 40 117 190 78
14 0 0 0 0 3 0 0 0 0 0 0 0 0 0 0 0 1 1 14 9 3 1 19 69 44 13 0 2 0 17 31 5 81 1 0 3 0 50 44 0 0 30 0 9 61 143 31 26 31 135 141 141 7 173 2 0 54 63 0 0 6 0 3 0 0 0 8 0 0 5 6 21 25 52 253 53 87 11
0 3 23 21 0 0 4 0 0 0 1 0 0 0 0 0 0 0 0 9 12 16 2 0 0 11 58 78 11 0 27 21 1 7 0 0 0 1 0 17 0 0 7 0 0 9 19 120 20 0 2 75 77 0 81 10 71 69 34 1 0 1 17 5 1 16 1 0 0 1 11 15 48 31 66 117 58 18 22
2 38 107 4 11 0 0 1 0 0 8 7 1 0 0 0 0 0 0 0 2 4 0 0 0 0 0 2 1 0 0 1 0 0 0 0 0 17 0 0 0 10 86 14 2 1 0 5 0 7 0 0 18 31 2 16 20 161 6 0 5 0 0 0 0 5 0 0 0 0 3 0 31 118 76 54 85 34 18
95 154 25 0 0 2 16 68 48 28 0 3 0 0 0 0 0 0 5 0 0 0 0 0 1 0 0 0 0 0 0 0 0 9 4 94 46 104 16 76 3 1 22 0 0 3 22 0 1 1 0 0 24 61 14 0 0 0 26 10 0 0 0 0 0 3 136 210 203 9 24 156 82 84 40 31 13 84 52
0 32 40 8 0 0 1 42 66 0 46 28 1 8 5 0 0 0 0 11 0 0 0 0 0 3 0 0 0 0 8 3 0 0 0 3 0 12 1 33 48 0 5 114 8 1 0 9 0 0 3 1 1 0 0 3 0 0 0 0 0 0 0 1 0 38 13 0 0 0 0 0 21 1 0 0 0 0 0
2 0 4 27 0 0 0 19 0 0 17 16 0 0 0 0 0 0 0 27 0 0 0 0 0 2 0 0 8 2 0 0 0 0 0 0 0 0 0 0 0 0 10 10 0 2 35 11 0 0 0 9 6 16 1 0 0 0 0 0 0 2 8 22 21 0 0 0 0 0 0 0 0 0 10 0 0 0 0
23 0 0 2 148 25 0 0 1 4 24 0 1 0 0 0 0 0 0 0 0 0 0 0 0 2 0 0 0 0 0 0 0 0 0 3 0 0 157 27 0 0 0 2 1 18 9 11 3 0 0 2 2 0 0 0 0 0 0 0 0 0 0 0 0 0 0 0 0 0 0 5 0 1 4 0 49 0 0
37 0 0 2 19 25 0 7 0 0 0 0 2 0 0 0 0 0 0 0 0 0 0 0 10 0 0 0 0 1 0 0 0 2 0 0 0 0 0 1 7 3 0 0 13 0 0 33 8 0 0 4 0 0 0 0 21 2 17 0 0 0 0 0 0 0 0 1 1 0 0 0 0 0 2 0 3 1 0
0 0 0 0 0 0 0 0 0 12 36 0 0 0 0 0 0 0 0 0 0 5 59 64 6 20 0 0 5 21 143 56 0 0 0 0 0 0 2 0 0 1 5 0 0 40 72 5 0 0 0 11 0 0 0 0 5 1 0 0 3 1 0 3 0 0 0 15 17 0 0 0 8 0 0 0 1 0 0
0 0 0 0 76 76 0 0 0 1 0 57 29 0 0 0 0 0 0 6 1 12 31 15 42 8 27 3 33 22 1 8 12 4 0 0 0 0 0 0 2 1 1 0 0 0 8 0 0 0 0 0 0 5 1 7 7 100 44 86 0 3 0 4 4 1 0 30 13 0 0 0 0 0 0 0 0 1 5
0 0 0 43 50 34 0 0 0 0 10 102 26 0 0 21 55 2 3 0 4 0 38 238 181 38 89 42 21 11 0 8 1 18 27 0 11 13 10 8 0 0 1 1 12 7 0 0 0 0 0 0 28 48 24 3 2 2 56 72 0 0 0 5 0 1 34 5 18 4 4 0 0 0 0 1 0 0 1
7 0 0 0 17 16 22 2 1 3 0 7 6 28 74 112 77 64 144 90 124 41 125 177 233 146 206 87 126 110 0 0 1 29 71 4 8 19 3 28 0 1 3 10 0 0 0 0 17 46 0 8 0 0 6 0 0 24 24 0 0 0 0 0 0 5 2 12 9 11 2 1 0 0 0 0 0 0 0
0 0 0 26 0 2 0 0 0 10 8 6 1 8 93 43 260 274 255 333 384 282 199 291 153 304 305 250 221 69 42 2 25 5 11 1 32 3 32 60 46 17 4 31 2 0 68 11 23 50 10 26 0 0 8 13 0 0 2 0 0 0 21 0 0 0 0 0 0 0 0 0 0 0 0 0 0 3 0
0 0 0 0 0 0 0 0 0 0 20 19 6 0 21 66 116 360 376 400 399 398 398 352 309 381 363 290 232 323 306 51 63 126 122 10 14 16 7 2 3 33 34 15 1 0 1 7 16 1 11 0 15 1 8 0 0 12 0 0 0 7 327 249 243 127 0 53 2 0 0 0 5 1 3 2 0 0 0
10 3 0 0 0 0 0 0 0 0 0 67 3 0 0 6 162 221 376 400 398 377 400 400 399 388 397 378 370 360 389 158 95 32 169 15 10 83 58 15 1 53 0 11 71 30 0 51 99 7 14 0 6 5 2 1 2 0 0 0 1 37 148 66 0 0 0 33 49 17 5 1 0 0 0 0 0 18 7
11 1 1 0 0 0 0 0 0 0 0 64 3 12 5 11 210 394 393 400 399 393 396 400 400 400 400 400 400 399 228 112 207 83 92 129 102 0 69 128 97 10 0 5 0 21 38 11 20 27 0 0 0 0 0 0 0 6 0 0 64 1 0 1 0 0 0 0 0 0 7 7 49 48 0 0 0 0 2
7 1 0 0 0 0 0 0 0 0 0 0 80 135 264 188 287 387 398 400 400 400 392 389 400 396 386 400 400 398 321 309 314 165 51 54 32 117 224 198 170 14 28 86 54 29 65 39 0 0 0 0 0 9 0 0 4 51 0 0 0 0 0 0 0 0 0 0 0 0 0 0 0 0 0 0 0 0 0
85 75 41 7 41 18 0 3 0 0 0 0 0 0 111 368 392 400 400 394 400 400 400 399 400 397 386 390 390 392 378 339 375 226 121 54 39 33 82 171 8 49 107 17 5 1 11 110 67 0 10 74 0 4 6 0 4 167 0 0 0 0 0 18 1 0 2 0 0 1 1 0 0 0 1 0 0 0 0
27 32 16 79 45 25 0 1 1 8 0 0 8 31 41 312 319 398 373 400 400 400 400 397 400 400 400 400 396 382 396 283 355 386 338 305 137 87 304 282 152 208 231 138 62 71 98 50 256 204 129 46 0 0 2 0 4 129 0 0 0 0 0 0 0 0 0 0 0 20 13 0 0 0 13 0 0 0 0
16 22 33 0 50 82 4 5 1 66 69 31 18 9 248 200 302 345 357 357 400 400 363 400 397 400 400 400 400 398 382 386 386 315 257 327 396 398 381 240 106 290 157 131 31 14 6 143 94 285 139 102 97 42 6 4 0 56 68 0 0 0 0 0 0 0 0 0 0 0 0 0 0 0 0 0 0 0 0
25 6 48 5 0 27 0 0 0 2 111 160 202 314 308 154 130 63 81 259 398 355 389 398 400 400 400 400 400 394 309 196 308 339 326 329 169 258 249 210 124 249 285 212 172 301 169 86 150 98 135 149 4 15 1 21 6 25 23 44 0 0 0 0 1 36 30 29 0 0 0 0 0 0 0 0 0 9 0
186 18 38 15 16 3 3 0 11 0 28 75 75 353 389 294 273 163 188 381 400 394 399 400 400 400 400 365 378 378 313 275 353 396 400 339 102 32 94 155 49 51 60 96 64 11 105 73 40 216 185 195 118 20 0 7 23 9 0 0 0 4 0 0 0 0 0 0 0 0 0 0 31 0 20 1 0 2 0
100 59 43 42 60 71 23 0 0 0 3 92 97 182 162 275 196 384 102 315 400 400 400 400 400 400 400 324 283 266 274 322 353 399 400 400 237 144 173 231 109 114 45 5 23 59 90 48 197 300 49 69 85 43 6 21 2 6 0 0 2 45 0 0 0 0 4 0 0 0 0 0 0 0 0 0 3 0 0
138 61 23 117 58 23 105 7 91 34 43 173 200 96 20 162 118 272 121 379 400 400 400 400 400 400 396 301 255 287 302 180 303 399 396 393 353 360 386 326 268 13 8 0 42 50 2 0 60 256 110 2 10 19 6 16 0 0 0 0 0 0 0 0 0 0 0 0 0 0 0 0 0 3 0 1 0 3 0
119 45 47 37 52 145 329 20 74 45 13 14 191 151 106 53 126 277 188 354 396 385 353 344 309 379 378 400 395 399 400 398 398 394 389 343 195 117 62 40 29 10 0 0 34 75 26 15 38 14 21 89 231 385 177 28 6 0 1 32 15 0 0 0 0 0 0 0 0 0 0 0 0 13 0 4 0 0 1
106 66 49 162 103 212 356 110 0 18 24 26 28 93 178 219 193 284 246 296 155 114 312 86 155 357 281 267 319 283 329 393 395 360 245 92 19 27 30 34 71 69 55 23 140 152 53 7 5 4 0 1 2 36 87 32 18 3 17 173 227 103 10 0 0 6 14 0 0 0 0 0 0 4 1 3 0 0 0
51 108 68 221 268 122 282 351 190 164 233 204 69 0 40 83 66 49 132 59 48 203 382 355 328 233 90 49 93 85 196 263 138 26 8 26 9 266 146 75 96 213 304 213 169 89 23 24 31 20 28 7 0 0 78 53 181 82 12 11 160 157 184 114 2 0 3 0 0 0 0 19 4 1 0 23 0 0 0
9 182 121 237 243 268 286 252 189 162 13 197 105 16 21 48 46 113 231 173 170 253 377 393 359 396 237 267 262 202 293 252 240 248 264 348 290 351 207 166 289 233 378 202 189 229 117 187 132 78 80 21 3 22 96 86 14 112 28 6 3 25 4 94 105 0 10 4 0 0 3 0 0 1 0 0 0 0 0
62 178 91 80 45 7 17 93 35 64 56 11 0 53 65 167 89 212 154 129 145 209 321 396 391 400 400 400 400 400 399 393 358 382 344 330 337 369 318 400 378 384 389 366 294 220 63 86 145 186 173 112 107 88 74 152 245 310 284 228 50 7 0 33 120 28 0 12 0 0 0 0 0 0 0 0 0 0 0
101 114 178 129 218 33 24 0 3 107 44 87 98 207 224 319 280 269 167 105 169 188 362 400 400 400 400 400 400 400 400 393 385 400 400 392 357 320 261 335 363 389 379 400 400 392 235 209 127 87 15 27 78 196 71 19 218 314 354 255 276 66 6 17 1 3 0 0 5 10 7 0 0 0 0 4 0 0 3
