Post-hoc_landscape_analyses/Environmental_files/WNV_rasters/Land_cover_savannas_WNV_16.asc
NCOLS 390 
NROWS 216 
XLLCORNER -128.0000208 
YLLCORNER 18.9999684 
CELLSIZE 0.1666666 
NODATA_value -2147483647 
[rows 111 to 147 of 216, columns 246 to 327 of 390]
0 5 2 9 0 0 0 0 0 0 0 0 0 0 0 0 0 5 0 1 0 0 0 0 0 0 1 26 12 0 0 0 0 0 0 0 0 7 25 0 5 50 80 56 49 21 41 10 100 11 9 14 16 14 4 33 105 1 0 0 3 1 0 0 0 0 -2147483647 -2147483647 -2147483647 -2147483647 -2147483647 -2147483647 -2147483647 -2147483647 -2147483647 -2147483647 -2147483647 -2147483647 -2147483647 -2147483647 -2147483647 -2147483647
1 96 54 3 4 0 0 0 0 8 0 0 0 0 0 0 0 4 2 3 0 2 13 0 0 0 0 9 14 0 0 0 0 0 1 17 4 4 0 39 141 190 159 100 137 213 73 28 53 31 55 24 27 3 2 5 3 0 0 10 5 0 0 2 3 0 2 -2147483647 -2147483647 -2147483647 -2147483647 -2147483647 -2147483647 -2147483647 -2147483647 -2147483647 -2147483647 -2147483647 -2147483647 -2147483647 -2147483647 -2147483647
57 50 53 40 0 0 0 0 0 3 0 0 0 0 0 0 5 48 158 103 2 0 1 0 0 0 0 1 0 0 0 0 0 0 8 23 4 0 9 279 289 230 222 274 294 307 155 58 103 55 49 127 32 21 25 34 4 2 0 15 10 1 0 1 -2147483647 -2147483647 -2147483647 -2147483647 -2147483647 -2147483647 -2147483647 -2147483647 -2147483647 -2147483647 -2147483647 -2147483647 -2147483647 -2147483647 -2147483647 -2147483647 -2147483647 -2147483647
12 22 48 126 20 0 0 0 0 0 0 0 0 0 5 0 39 203 39 43 69 3 6 1 0 0 0 0 0 0 3 0 90 95 59 31 45 25 126 123 233 242 234 159 214 157 123 53 164 140 173 234 144 10 79 87 94 18 4 12 6 17 0 0 0 0 2 -2147483647 -2147483647 -2147483647 -2147483647 -2147483647 -2147483647 -2147483647 -2147483647 -2147483647 -2147483647 -2147483647 -2147483647 -2147483647 -2147483647 -2147483647
0 2 0 9 7 1 0 2 0 0 0 0 0 0 1 0 24 11 59 0 28 0 0 0 0 0 11 0 0 36 56 162 124 266 285 168 232 123 198 257 261 203 57 230 152 115 38 22 154 198 227 306 94 1 45 0 2 29 6 25 6 11 1 7 5 0 0 2 -2147483647 -2147483647 -2147483647 -2147483647 -2147483647 -2147483647 -2147483647 -2147483647 -2147483647 -2147483647 -2147483647 -2147483647 -2147483647 -2147483647
7 16 1 0 0 0 0 1 0 3 1 5 24 12 0 0 4 0 0 0 0 0 0 0 0 9 43 13 5 27 28 28 44 165 278 225 83 259 323 328 88 91 43 98 106 122 98 53 95 286 278 288 94 3 1 0 0 26 59 121 121 9 1 26 10 3 15 -2147483647 -2147483647 -2147483647 -2147483647 -2147483647 -2147483647 -2147483647 -2147483647 -2147483647 -2147483647 -2147483647 -2147483647 -2147483647 -2147483647 -2147483647
0 15 0 0 7 0 0 0 0 22 6 38 43 11 105 6 3 0 0 0 0 0 2 0 2 0 0 11 20 123 289 221 168 243 360 270 211 361 348 228 165 75 24 116 110 62 281 329 224 214 140 127 56 71 51 0 0 21 78 111 19 12 -2147483647 3 29 10 -2147483647 -2147483647 -2147483647 -2147483647 -2147483647 -2147483647 -2147483647 -2147483647 -2147483647 -2147483647 -2147483647 -2147483647 -2147483647 -2147483647 -2147483647 -2147483647
0 1 4 0 0 7 0 0 13 19 57 143 170 77 78 1 0 0 0 2 0 11 0 0 0 8 9 26 44 312 345 364 363 343 302 323 240 264 333 205 177 137 24 157 251 337 275 336 328 303 98 8 3 44 129 46 96 98 87 100 25 13 2 -2147483647 -2147483647 -2147483647 -2147483647 -2147483647 -2147483647 -2147483647 -2147483647 -2147483647 -2147483647 -2147483647 -2147483647 -2147483647 -2147483647 -2147483647 -2147483647 -2147483647 -2147483647 -2147483647
0 1 11 0 0 0 0 9 68 12 156 210 122 104 3 0 0 0 1 0 0 2 0 0 0 0 11 154 324 378 357 369 293 168 352 246 305 355 231 118 238 119 33 207 263 294 286 322 159 301 148 11 15 1 37 75 126 132 118 127 56 83 -2147483647 -2147483647 -2147483647 -2147483647 -2147483647 -2147483647 -2147483647 -2147483647 -2147483647 -2147483647 -2147483647 -2147483647 -2147483647 -2147483647 -2147483647 -2147483647 -2147483647 -2147483647 -2147483647 -2147483647
0 2 0 0 0 0 4 97 18 96 296 203 191 95 0 2 6 4 3 0 0 5 0 22 51 181 258 266 345 353 278 208 143 161 216 352 272 289 181 123 132 191 90 309 322 280 215 319 337 265 221 170 110 180 218 142 118 133 119 0 51 13 7 24 -2147483647 -2147483647 -2147483647 -2147483647 -2147483647 -2147483647 -2147483647 -2147483647 -2147483647 -2147483647 -2147483647 -2147483647 -2147483647 -2147483647 -2147483647 -2147483647 -2147483647 -2147483647
1 46 98 26 4 52 86 5 26 44 209 127 270 201 0 12 0 0 0 0 2 16 15 229 147 299 381 334 355 354 253 145 278 57 217 226 122 288 239 260 278 305 209 217 199 190 120 187 317 175 122 174 219 222 162 113 190 198 168 112 95 49 44 -2147483647 -2147483647 -2147483647 -2147483647 -2147483647 -2147483647 -2147483647 -2147483647 -2147483647 -2147483647 -2147483647 -2147483647 -2147483647 -2147483647 -2147483647 -2147483647 -2147483647 -2147483647 -2147483647
78 58 138 136 84 48 5 36 46 47 135 68 226 137 8 12 10 15 43 131 224 126 202 165 234 276 370 369 332 335 215 30 74 34 55 47 87 117 219 317 337 295 226 135 153 114 84 179 143 229 225 107 150 154 173 13 21 113 86 -2147483647 -2147483647 -2147483647 -2147483647 -2147483647 -2147483647 -2147483647 -2147483647 -2147483647 -2147483647 -2147483647 -2147483647 -2147483647 -2147483647 -2147483647 -2147483647 -2147483647 -2147483647 -2147483647 -2147483647 -2147483647 -2147483647 -2147483647
86 115 43 21 2 0 2 138 135 234 115 252 236 188 34 112 40 127 205 202 218 259 250 217 221 260 342 369 276 177 174 103 51 41 34 79 27 16 212 319 237 279 157 68 160 145 98 60 115 76 181 119 177 110 190 64 97 -2147483647 -2147483647 -2147483647 -2147483647 -2147483647 -2147483647 -2147483647 -2147483647 -2147483647 -2147483647 -2147483647 -2147483647 -2147483647 -2147483647 -2147483647 -2147483647 -2147483647 -2147483647 -2147483647 -2147483647 -2147483647 -2147483647 -2147483647 -2147483647 -2147483647
74 40 0 25 71 83 139 147 147 189 270 331 293 203 59 295 336 256 177 311 268 294 308 253 303 182 259 269 291 221 76 157 271 182 53 115 184 220 261 235 83 82 151 246 88 141 66 95 81 161 82 32 99 193 218 -2147483647 -2147483647 -2147483647 -2147483647 -2147483647 -2147483647 -2147483647 -2147483647 -2147483647 -2147483647 -2147483647 -2147483647 -2147483647 -2147483647 -2147483647 -2147483647 -2147483647 -2147483647 -2147483647 -2147483647 -2147483647 -2147483647 -2147483647 -2147483647 -2147483647 -2147483647 -2147483647
169 137 153 85 138 276 271 263 210 164 296 346 137 210 144 246 246 321 383 386 348 314 372 254 192 189 147 110 72 176 191 240 217 175 225 173 206 288 161 166 81 88 283 313 149 95 118 179 273 281 178 95 126 186 103 -2147483647 -2147483647 -2147483647 -2147483647 -2147483647 -2147483647 -2147483647 -2147483647 -2147483647 -2147483647 -2147483647 -2147483647 -2147483647 -2147483647 -2147483647 -2147483647 -2147483647 -2147483647 -2147483647 -2147483647 -2147483647 -2147483647 -2147483647 -2147483647 -2147483647 -2147483647 -2147483647
232 199 242 219 204 232 307 262 135 43 216 171 150 369 203 29 33 150 345 359 350 317 322 179 76 157 66 26 78 39 102 235 206 347 349 247 191 279 83 275 209 170 162 165 164 102 140 304 245 189 173 170 163 113 -2147483647 -2147483647 -2147483647 -2147483647 -2147483647 -2147483647 -2147483647 -2147483647 -2147483647 -2147483647 -2147483647 -2147483647 -2147483647 -2147483647 -2147483647 -2147483647 -2147483647 -2147483647 -2147483647 -2147483647 -2147483647 -2147483647 -2147483647 -2147483647 -2147483647 -2147483647 -2147483647 -2147483647
224 236 202 256 189 184 218 220 40 74 216 306 348 358 239 49 145 282 365 353 258 239 106 92 140 195 153 246 23 54 145 305 342 348 329 361 224 117 76 248 171 179 137 170 126 183 60 146 209 -2147483647 -2147483647 -2147483647 -2147483647 -2147483647 -2147483647 -2147483647 -2147483647 -2147483647 -2147483647 -2147483647 -2147483647 -2147483647 -2147483647 -2147483647 -2147483647 -2147483647 -2147483647 -2147483647 -2147483647 -2147483647 -2147483647 -2147483647 -2147483647 -2147483647 -2147483647 -2147483647 -2147483647 -2147483647 -2147483647 -2147483647 -2147483647 -2147483647
165 200 273 211 266 295 275 138 168 180 259 357 244 146 344 165 315 333 343 331 244 260 117 136 100 51 41 106 163 113 312 344 317 327 338 279 301 207 133 127 232 118 147 157 116 78 22 113 -2147483647 -2147483647 -2147483647 -2147483647 -2147483647 -2147483647 -2147483647 -2147483647 -2147483647 -2147483647 -2147483647 -2147483647 -2147483647 -2147483647 -2147483647 -2147483647 -2147483647 -2147483647 -2147483647 -2147483647 -2147483647 -2147483647 -2147483647 -2147483647 -2147483647 -2147483647 -2147483647 -2147483647 -2147483647 -2147483647 -2147483647 -2147483647 -2147483647 -2147483647
229 228 167 231 247 228 33 83 159 299 242 249 184 302 310 348 323 346 236 223 135 138 161 58 40 108 229 318 271 260 223 323 205 317 227 214 232 175 77 181 103 89 142 80 71 17 32 -2147483647 -2147483647 -2147483647 -2147483647 -2147483647 -2147483647 -2147483647 -2147483647 -2147483647 -2147483647 -2147483647 -2147483647 -2147483647 -2147483647 -2147483647 -2147483647 -2147483647 -2147483647 -2147483647 -2147483647 -2147483647 -2147483647 -2147483647 -2147483647 -2147483647 -2147483647 -2147483647 -2147483647 -2147483647 -2147483647 -2147483647 -2147483647 -2147483647 -2147483647 -2147483647
246 233 311 265 285 36 134 226 101 286 240 104 159 314 260 325 367 352 227 78 90 145 95 44 132 173 235 248 259 285 211 75 32 280 285 219 114 207 223 178 40 61 70 5 2 0 9 -2147483647 -2147483647 -2147483647 -2147483647 -2147483647 -2147483647 -2147483647 -2147483647 -2147483647 -2147483647 -2147483647 -2147483647 -2147483647 -2147483647 -2147483647 -2147483647 -2147483647 -2147483647 -2147483647 -2147483647 -2147483647 -2147483647 -2147483647 -2147483647 -2147483647 -2147483647 -2147483647 -2147483647 -2147483647 -2147483647 -2147483647 -2147483647 -2147483647 -2147483647 -2147483647
245 225 143 144 168 142 136 110 118 197 126 135 251 178 220 345 368 249 165 28 120 117 229 128 134 161 160 218 185 149 266 156 127 226 184 211 182 83 182 122 203 216 8 0 0 7 -2147483647 -2147483647 -2147483647 -2147483647 -2147483647 -2147483647 -2147483647 -2147483647 -2147483647 -2147483647 -2147483647 -2147483647 -2147483647 -2147483647 -2147483647 -2147483647 -2147483647 -2147483647 -2147483647 -2147483647 -2147483647 -2147483647 -2147483647 -2147483647 -2147483647 -2147483647 -2147483647 -2147483647 -2147483647 -2147483647 -2147483647 -2147483647 -2147483647 -2147483647 -2147483647 -2147483647
197 318 261 57 95 176 147 89 125 179 139 237 262 146 291 238 263 230 125 263 257 199 254 102 98 295 220 199 147 109 230 193 121 92 209 205 83 193 137 26 49 141 61 73 -2147483647 -2147483647 -2147483647 -2147483647 -2147483647 -2147483647 -2147483647 -2147483647 -2147483647 -2147483647 -2147483647 -2147483647 -2147483647 -2147483647 -2147483647 -2147483647 -2147483647 -2147483647 -2147483647 -2147483647 -2147483647 -2147483647 -2147483647 -2147483647 -2147483647 -2147483647 -2147483647 -2147483647 -2147483647 -2147483647 -2147483647 -2147483647 -2147483647 -2147483647 -2147483647 -2147483647 -2147483647 -2147483647
149 300 350 233 146 130 59 147 125 163 288 103 139 153 117 63 149 207 259 319 156 208 197 109 160 291 312 265 244 134 121 150 222 79 218 194 89 64 23 16 93 105 55 -2147483647 -2147483647 -2147483647 -2147483647 -2147483647 -2147483647 -2147483647 -2147483647 -2147483647 -2147483647 -2147483647 -2147483647 -2147483647 -2147483647 -2147483647 -2147483647 -2147483647 -2147483647 -2147483647 -2147483647 -2147483647 -2147483647 -2147483647 -2147483647 -2147483647 -2147483647 -2147483647 -2147483647 -2147483647 -2147483647 -2147483647 -2147483647 -2147483647 -2147483647 -2147483647 -2147483647 -2147483647 -2147483647 -2147483647
132 218 309 299 309 286 279 265 265 312 201 245 232 291 271 286 328 240 254 159 179 112 212 274 289 312 217 251 263 203 169 147 105 196 113 89 65 71 19 22 48 -2147483647 -2147483647 -2147483647 -2147483647 -2147483647 -2147483647 -2147483647 -2147483647 -2147483647 -2147483647 -2147483647 -2147483647 -2147483647 -2147483647 -2147483647 -2147483647 -2147483647 -2147483647 -2147483647 -2147483647 -2147483647 -2147483647 -2147483647 -2147483647 -2147483647 -2147483647 -2147483647 -2147483647 -2147483647 -2147483647 -2147483647 -2147483647 -2147483647 -2147483647 -2147483647 -2147483647 -2147483647 -2147483647 -2147483647 -2147483647 -2147483647
316 291 293 336 225 345 254 282 193 239 289 344 289 341 294 372 349 194 179 203 146 151 233 322 303 264 279 238 260 153 122 121 69 194 147 52 58 96 47 -2147483647 -2147483647 -2147483647 -2147483647 -2147483647 -2147483647 -2147483647 -2147483647 -2147483647 -2147483647 -2147483647 -2147483647 -2147483647 -2147483647 -2147483647 -2147483647 -2147483647 -2147483647 -2147483647 -2147483647 -2147483647 -2147483647 -2147483647 -2147483647 -2147483647 -2147483647 -2147483647 -2147483647 -2147483647 -2147483647 -2147483647 -2147483647 -2147483647 -2147483647 -2147483647 -2147483647 -2147483647 -2147483647 -2147483647 -2147483647 -2147483647 -2147483647 -2147483647
290 297 327 276 250 279 310 211 240 278 243 219 199 183 281 350 309 222 74 51 101 141 325 320 302 213 214 325 257 182 136 109 186 147 236 43 153 29 -2147483647 -2147483647 -2147483647 -2147483647 -2147483647 -2147483647 -2147483647 -2147483647 -2147483647 -2147483647 -2147483647 -2147483647 -2147483647 -2147483647 -2147483647 -2147483647 -2147483647 -2147483647 -2147483647 -2147483647 -2147483647 -2147483647 -2147483647 -2147483647 -2147483647 -2147483647 -2147483647 -2147483647 -2147483647 -2147483647 -2147483647 -2147483647 -2147483647 -2147483647 -2147483647 -2147483647 -2147483647 -2147483647 -2147483647 -2147483647 -2147483647 -2147483647 -2147483647 -2147483647
283 181 241 335 305 253 290 278 277 226 143 272 135 271 251 268 264 181 92 37 87 194 319 264 278 278 170 334 308 279 174 120 125 57 242 79 13 -2147483647 -2147483647 -2147483647 -2147483647 -2147483647 -2147483647 -2147483647 -2147483647 -2147483647 -2147483647 -2147483647 -2147483647 -2147483647 -2147483647 -2147483647 -2147483647 -2147483647 -2147483647 -2147483647 -2147483647 -2147483647 -2147483647 -2147483647 -2147483647 -2147483647 -2147483647 -2147483647 -2147483647 -2147483647 -2147483647 -2147483647 -2147483647 -2147483647 -2147483647 -2147483647 -2147483647 -2147483647 -2147483647 -2147483647 -2147483647 -2147483647 -2147483647 -2147483647 -2147483647 -2147483647
204 208 333 315 241 235 263 192 223 216 167 166 161 299 189 181 149 103 92 31 39 137 258 311 279 194 235 238 210 160 235 111 131 45 64 32 -2147483647 -2147483647 -2147483647 -2147483647 -2147483647 -2147483647 -2147483647 -2147483647 -2147483647 -2147483647 -2147483647 -2147483647 -2147483647 -2147483647 -2147483647 -2147483647 -2147483647 -2147483647 -2147483647 -2147483647 -2147483647 -2147483647 -2147483647 -2147483647 -2147483647 -2147483647 -2147483647 -2147483647 -2147483647 -2147483647 -2147483647 -2147483647 -2147483647 -2147483647 -2147483647 -2147483647 -2147483647 -2147483647 -2147483647 -2147483647 -2147483647 -2147483647 -2147483647 -2147483647 -2147483647 -2147483647
83 124 173 244 318 288 347 282 273 313 308 207 228 283 137 101 168 147 182 115 34 89 165 109 112 205 178 212 262 229 183 173 100 80 4 -2147483647 -2147483647 -2147483647 -2147483647 -2147483647 -2147483647 -2147483647 -2147483647 -2147483647 -2147483647 -2147483647 -2147483647 -2147483647 -2147483647 -2147483647 -2147483647 -2147483647 -2147483647 -2147483647 -2147483647 -2147483647 -2147483647 -2147483647 -2147483647 -2147483647 -2147483647 -2147483647 -2147483647 -2147483647 -2147483647 -2147483647 -2147483647 -2147483647 -2147483647 -2147483647 -2147483647 -2147483647 -2147483647 -2147483647 -2147483647 -2147483647 -2147483647 -2147483647 -2147483647 -2147483647 -2147483647 -2147483647
102 156 106 128 245 291 272 278 331 300 308 259 205 164 121 242 281 207 126 51 31 89 18 83 91 212 247 276 124 170 241 68 48 36 9 -2147483647 -2147483647 -2147483647 -2147483647 -2147483647 -2147483647 -2147483647 -2147483647 -2147483647 -2147483647 -2147483647 -2147483647 -2147483647 -2147483647 -2147483647 -2147483647 -2147483647 -2147483647 -2147483647 -2147483647 -2147483647 -2147483647 -2147483647 -2147483647 -2147483647 -2147483647 -2147483647 -2147483647 -2147483647 -2147483647 -2147483647 -2147483647 -2147483647 -2147483647 -2147483647 -2147483647 -2147483647 -2147483647 -2147483647 -2147483647 -2147483647 -2147483647 -2147483647 -2147483647 -2147483647 -2147483647 -2147483647
174 125 278 308 338 237 237 241 324 105 53 151 159 126 125 167 233 75 87 58 23 16 99 127 125 244 330 212 91 149 143 71 42 60 0 -2147483647 -2147483647 -2147483647 -2147483647 -2147483647 -2147483647 -2147483647 -2147483647 -2147483647 -2147483647 -2147483647 -2147483647 -2147483647 -2147483647 -2147483647 -2147483647 -2147483647 -2147483647 -2147483647 -2147483647 -2147483647 -2147483647 -2147483647 -2147483647 -2147483647 -2147483647 -2147483647 -2147483647 -2147483647 -2147483647 -2147483647 -2147483647 -2147483647 -2147483647 -2147483647 -2147483647 -2147483647 -2147483647 -2147483647 -2147483647 -2147483647 -2147483647 -2147483647 -2147483647 -2147483647 -2147483647 -2147483647
282 157 253 351 240 106 121 193 89 137 68 231 75 60 51 174 40 43 53 97 45 20 150 154 162 236 241 306 240 253 267 111 118 97 -2147483647 -2147483647 -2147483647 -2147483647 -2147483647 -2147483647 -2147483647 -2147483647 -2147483647 -2147483647 -2147483647 -2147483647 -2147483647 -2147483647 -2147483647 -2147483647 -2147483647 -2147483647 -2147483647 -2147483647 -2147483647 -2147483647 -2147483647 -2147483647 -2147483647 -2147483647 -2147483647 -2147483647 -2147483647 -2147483647 -2147483647 -2147483647 -2147483647 -2147483647 -2147483647 -2147483647 -2147483647 -2147483647 -2147483647 -2147483647 -2147483647 -2147483647 -2147483647 -2147483647 -2147483647 -2147483647 -2147483647 -2147483647
240 136 183 310 349 217 182 100 87 142 71 209 5 29 77 62 36 71 106 94 65 60 75 198 169 150 196 370 188 247 162 51 69 -2147483647 -2147483647 -2147483647 -2147483647 -2147483647 -2147483647 -2147483647 -2147483647 -2147483647 -2147483647 -2147483647 -2147483647 -2147483647 -2147483647 -2147483647 -2147483647 -2147483647 -2147483647 -2147483647 -2147483647 -2147483647 -2147483647 -2147483647 -2147483647 -2147483647 -2147483647 -2147483647 -2147483647 -2147483647 -2147483647 -2147483647 -2147483647 -2147483647 -2147483647 -2147483647 -2147483647 -2147483647 -2147483647 -2147483647 -2147483647 -2147483647 -2147483647 -2147483647 -2147483647 -2147483647 -2147483647 -2147483647 -2147483647 -2147483647
313 282 272 278 298 336 346 351 273 176 141 99 93 101 227 114 159 214 228 60 82 207 255 194 105 183 176 114 3 197 111 87 61 -2147483647 -2147483647 -2147483647 -2147483647 -2147483647 -2147483647 -2147483647 -2147483647 -2147483647 -2147483647 -2147483647 -2147483647 -2147483647 -2147483647 -2147483647 -2147483647 -2147483647 -2147483647 -2147483647 -2147483647 -2147483647 -2147483647 -2147483647 -2147483647 -2147483647 -2147483647 -2147483647 -2147483647 -2147483647 -2147483647 -2147483647 -2147483647 -2147483647 -2147483647 -2147483647 -2147483647 -2147483647 -2147483647 -2147483647 -2147483647 -2147483647 -2147483647 -2147483647 -2147483647 -2147483647 -2147483647 -2147483647 -2147483647 -2147483647
327 288 305 348 344 346 276 301 317 309 316 298 200 175 221 195 232 363 395 189 217 237 348 217 49 124 147 100 32 126 192 71 141 -2147483647 -2147483647 -2147483647 -2147483647 -2147483647 -2147483647 -2147483647 -2147483647 -2147483647 -2147483647 -2147483647 -2147483647 -2147483647 -2147483647 -2147483647 -2147483647 -2147483647 -2147483647 -2147483647 -2147483647 -2147483647 -2147483647 -2147483647 -2147483647 -2147483647 -2147483647 -2147483647 -2147483647 -2147483647 -2147483647 -2147483647 -2147483647 -2147483647 -2147483647 -2147483647 -2147483647 -2147483647 -2147483647 -2147483647 -2147483647 -2147483647 -2147483647 -2147483647 -2147483647 -2147483647 -2147483647 -2147483647 -2147483647 -2147483647
273 270 353 315 249 229 170 277 343 368 365 223 169 289 313 254 211 389 308 281 323 342 300 279 93 128 62 39 107 169 234 144 199 -2147483647 -2147483647 -2147483647 -2147483647 -2147483647 -2147483647 -2147483647 -2147483647 -2147483647 -2147483647 -2147483647 -2147483647 -2147483647 -2147483647 -2147483647 -2147483647 -2147483647 -2147483647 -2147483647 -2147483647 -2147483647 -2147483647 -2147483647 -2147483647 -2147483647 -2147483647 -2147483647 -2147483647 -2147483647 -2147483647 -2147483647 -2147483647 -2147483647 -2147483647 -2147483647 -2147483647 -2147483647 -2147483647 -2147483647 -2147483647 -2147483647 -2147483647 -2147483647 -2147483647 -2147483647 -2147483647 -2147483647 -2147483647 -2147483647
116 109 -2147483647 -2147483647 -2147483647 189 159 210 306 337 217 183 147 146 88 198 290 271 213 199 218 284 261 326 317 209 163 171 245 161 185 236 121 22 -2147483647 -2147483647 -2147483647 -2147483647 -2147483647 -2147483647 -2147483647 -2147483647 -2147483647 -2147483647 -2147483647 -2147483647 -2147483647 -2147483647 -2147483647 -2147483647 -2147483647 -2147483647 -2147483647 -2147483647 -2147483647 -2147483647 -2147483647 -2147483647 -2147483647 -2147483647 -2147483647 -2147483647 -2147483647 -2147483647 -2147483647 -2147483647 -2147483647 -2147483647 -2147483647 -2147483647 -2147483647 -2147483647 -2147483647 -2147483647 -2147483647 -2147483647 -2147483647 -2147483647 -2147483647 -2147483647 -2147483647 -2147483647
