Post-hoc_landscape_analyses/Environmental_files/WNV_rasters/Land_cover_shrublands_WNV_16.asc
NCOLS 390 
NROWS 216 
XLLCORNER -128.0000208 
YLLCORNER 18.9999684 
CELLSIZE 0.1666666 
NODATA_value -2147483647 
[rows 144 to 179 of 216, columns 81 to 161 of 390]
-2147483647 -2147483647 -2147483647 -2147483647 -2147483647 -2147483647 -2147483647 -2147483647 147 124 173 399 400 400 400 397 400 400 400 400 374 313 360 377 320 308 298 207 320 381 372 379 379 365 353 355 389 400 400 391 356 391 400 400 369 71 195 348 400 400 400 400 400 400 400 400 400 400 400 400 400 400 400 400 400 400 400 400 373 383 400 396 396 378 358 302 136 78 18 0 2
-2147483647 -2147483647 -2147483647 -2147483647 -2147483647 -2147483647 -2147483647 -2147483647 230 266 321 399 368 393 387 400 400 400 400 400 396 375 363 323 395 397 390 311 284 383 381 382 391 357 366 374 361 400 400 370 378 379 400 400 366 83 325 146 374 400 399 400 400 400 400 400 397 400 399 400 400 400 399 400 400 400 400 400 389 398 400 399 400 400 371 217 68 48 16 10 0
-2147483647 -2147483647 -2147483647 -2147483647 -2147483647 -2147483647 -2147483647 -2147483647 -2147483647 237 175 398 324 394 400 399 400 400 384 400 400 390 330 388 381 386 394 350 252 318 347 318 297 360 329 192 292 373 391 388 369 354 400 400 400 377 389 385 392 400 400 400 400 400 400 400 400 400 400 400 400 397 385 397 399 400 400 400 400 400 397 399 400 400 368 349 91 56 9 8 0
-2147483647 -2147483647 -2147483647 -2147483647 -2147483647 -2147483647 -2147483647 -2147483647 -2147483647 -2147483647 168 122 385 356 382 400 400 400 400 400 400 400 388 369 355 372 356 259 157 335 355 340 233 375 390 153 241 335 395 331 384 395 400 400 396 400 397 390 393 400 400 400 400 397 400 392 382 400 400 400 400 400 400 399 396 395 395 382 400 388 392 400 396 396 398 337 72 37 161 21 0
-2147483647 -2147483647 -2147483647 -2147483647 -2147483647 -2147483647 -2147483647 -2147483647 -2147483647 -2147483647 299 366 400 400 400 400 400 398 400 400 400 400 398 375 377 382 269 202 236 285 299 360 350 356 325 101 242 360 353 354 364 400 395 396 400 387 386 399 398 397 400 400 400 370 400 400 324 400 400 400 400 400 400 400 400 400 391 398 400 387 395 400 393 399 400 367 171 48 73 56 6
-2147483647 -2147483647 -2147483647 -2147483647 -2147483647 -2147483647 -2147483647 -2147483647 -2147483647 -2147483647 186 400 400 400 400 400 400 400 400 400 398 400 385 383 385 358 326 127 259 230 337 359 202 138 197 224 176 350 230 222 354 392 383 387 400 395 394 369 397 384 397 400 400 390 400 400 388 400 397 400 400 400 400 400 400 397 399 400 400 400 389 399 400 400 400 395 392 187 30 50 8
-2147483647 -2147483647 -2147483647 -2147483647 -2147483647 -2147483647 -2147483647 -2147483647 -2147483647 -2147483647 -2147483647 331 399 400 400 400 400 400 400 400 400 400 372 341 287 341 269 247 226 203 306 299 141 111 40 215 11 37 345 369 265 360 331 385 391 398 392 399 400 351 342 400 400 400 400 400 400 400 400 400 400 400 400 400 400 400 400 400 400 400 400 400 400 399 400 400 400 326 56 63 2
152 -2147483647 -2147483647 -2147483647 -2147483647 -2147483647 -2147483647 -2147483647 -2147483647 -2147483647 -2147483647 207 376 394 392 400 400 400 400 400 400 398 347 334 286 330 300 288 284 320 184 282 112 79 16 17 4 14 171 345 190 263 224 282 381 390 385 374 399 400 382 400 400 400 400 400 400 400 400 388 400 400 400 400 400 400 400 400 398 400 400 392 394 348 400 399 399 397 299 175 39
374 308 264 -2147483647 -2147483647 -2147483647 -2147483647 -2147483647 -2147483647 -2147483647 -2147483647 -2147483647 298 294 317 376 387 400 400 400 396 395 388 384 334 309 377 277 199 309 238 217 142 52 117 108 37 36 57 172 219 190 138 297 349 397 302 392 396 400 400 400 400 400 400 400 400 400 389 259 339 400 385 400 396 364 400 400 400 398 398 396 398 365 400 400 400 359 326 178 92
387 393 395 363 -2147483647 -2147483647 275 -2147483647 -2147483647 -2147483647 -2147483647 -2147483647 -2147483647 332 392 400 398 400 400 400 400 379 392 392 348 263 329 199 160 183 273 280 245 55 61 112 79 79 42 79 72 207 202 335 218 352 372 400 385 400 400 399 400 399 400 400 400 400 400 313 221 373 376 400 400 370 400 400 400 400 400 399 396 349 337 400 400 400 313 208 71
400 400 399 360 311 -2147483647 199 260 -2147483647 -2147483647 -2147483647 -2147483647 -2147483647 -2147483647 400 400 296 374 400 400 400 390 387 377 397 375 237 197 116 107 36 91 192 81 36 31 40 63 63 91 150 164 136 336 175 297 297 386 396 400 400 327 378 400 400 400 400 400 397 400 368 400 400 400 377 353 400 398 396 400 400 399 368 331 346 309 296 256 253 60 76
400 400 400 400 311 167 -2147483647 -2147483647 -2147483647 -2147483647 -2147483647 -2147483647 361 248 393 241 298 291 393 400 371 324 399 398 399 359 218 93 44 56 67 101 135 166 42 77 75 184 172 233 221 154 134 287 252 234 277 384 397 386 400 379 400 400 400 400 400 395 362 377 400 400 400 400 394 393 400 398 397 400 399 313 338 184 273 196 121 177 43 16 78
292 400 400 400 400 320 -2147483647 -2147483647 -2147483647 -2147483647 -2147483647 -2147483647 392 244 -2147483647 342 370 398 390 400 400 400 400 400 400 387 291 19 0 40 76 53 181 119 15 101 162 82 315 364 199 254 250 217 279 317 150 346 371 396 400 384 400 400 396 370 400 400 361 357 400 400 400 400 400 367 400 391 400 400 400 310 312 214 192 119 182 255 302 31 94
-2147483647 332 400 400 400 398 385 316 -2147483647 -2147483647 -2147483647 -2147483647 -2147483647 -2147483647 -2147483647 -2147483647 360 350 383 400 400 399 400 400 395 253 24 18 14 6 13 5 63 194 89 127 193 46 389 262 279 153 267 263 35 49 285 372 321 342 359 358 388 395 398 400 400 400 397 346 395 400 400 400 400 373 399 400 399 400 400 400 311 190 96 100 232 270 362 33 3
-2147483647 -2147483647 298 400 400 400 377 340 -2147483647 -2147483647 -2147483647 -2147483647 -2147483647 -2147483647 -2147483647 -2147483647 235 382 398 400 400 400 398 381 343 335 89 100 7 11 3 3 81 252 173 145 259 58 113 307 331 215 164 266 293 3 127 323 338 353 298 395 400 397 400 400 400 400 400 400 400 400 400 400 400 400 381 400 395 400 400 393 282 242 126 212 340 334 133 1 3
-2147483647 -2147483647 -2147483647 400 400 400 399 400 364 244 -2147483647 -2147483647 -2147483647 -2147483647 -2147483647 -2147483647 -2147483647 -2147483647 358 400 400 400 400 400 390 268 73 17 0 7 0 0 17 193 217 208 137 64 55 257 356 314 132 111 214 56 214 319 316 295 328 358 393 217 255 400 400 400 400 400 400 400 400 400 400 400 368 390 400 400 398 397 311 276 153 187 193 37 1 0 0
-2147483647 -2147483647 168 400 400 400 400 400 400 357 -2147483647 -2147483647 -2147483647 -2147483647 -2147483647 -2147483647 -2147483647 -2147483647 -2147483647 398 400 400 400 395 366 328 94 102 0 1 0 0 23 28 32 94 14 0 3 76 97 99 341 287 160 216 321 289 322 309 368 379 400 249 62 391 400 400 400 400 400 400 400 400 400 399 375 309 400 400 400 397 348 337 218 245 287 91 1 0 0
-2147483647 -2147483647 63 397 400 400 400 400 400 400 -2147483647 -2147483647 -2147483647 -2147483647 -2147483647 -2147483647 -2147483647 -2147483647 -2147483647 195 400 400 399 400 366 373 336 176 35 0 0 0 8 8 1 30 17 5 2 12 93 85 222 353 262 247 259 220 233 341 387 377 371 314 216 287 400 381 400 400 400 400 400 396 400 400 400 197 400 400 400 394 397 385 377 317 176 73 16 15 1
-2147483647 -2147483647 56 309 398 400 400 400 400 398 -2147483647 -2147483647 -2147483647 -2147483647 -2147483647 -2147483647 -2147483647 -2147483647 -2147483647 -2147483647 -2147483647 173 173 288 396 323 331 111 71 7 1 0 0 0 5 51 80 136 75 33 87 114 148 180 352 296 231 213 275 372 389 399 389 390 374 345 400 400 400 400 400 400 400 374 400 400 397 109 289 386 400 400 395 378 319 153 217 137 130 112 56
41 -2147483647 1 25 254 378 400 400 400 400 312 -2147483647 -2147483647 -2147483647 -2147483647 -2147483647 -2147483647 -2147483647 -2147483647 -2147483647 -2147483647 -2147483647 -2147483647 189 336 294 385 215 91 8 0 2 0 0 8 24 50 18 106 153 28 193 292 331 306 203 335 173 207 322 335 397 398 368 354 352 372 400 400 400 400 400 400 400 400 400 400 313 362 297 400 400 397 394 379 346 232 273 217 196 245
312 49 22 11 261 365 372 400 400 400 394 359 -2147483647 -2147483647 -2147483647 -2147483647 -2147483647 -2147483647 -2147483647 -2147483647 -2147483647 -2147483647 -2147483647 219 253 202 162 268 109 2 0 0 0 0 10 18 17 33 14 132 111 140 230 314 288 171 73 152 105 183 238 366 358 292 323 349 399 397 400 400 400 400 400 396 400 400 400 400 398 385 400 397 393 400 399 314 217 357 273 347 317
283 383 97 5 111 293 301 381 400 400 400 400 376 -2147483647 -2147483647 -2147483647 -2147483647 -2147483647 -2147483647 -2147483647 -2147483647 -2147483647 -2147483647 -2147483647 355 63 0 47 179 54 5 0 0 0 3 17 3 27 83 10 57 98 192 346 333 392 304 310 198 209 251 344 318 330 361 389 400 377 386 400 400 393 397 400 400 400 400 400 332 326 399 393 389 391 389 354 357 313 369 269 208
223 265 97 0 282 389 318 219 359 400 400 400 400 290 -2147483647 -2147483647 -2147483647 -2147483647 -2147483647 -2147483647 -2147483647 -2147483647 -2147483647 -2147483647 119 267 111 0 158 174 42 5 7 3 14 19 2 10 18 2 59 21 54 342 378 382 351 259 196 271 241 204 207 240 358 392 397 344 371 400 400 398 399 400 400 400 398 347 399 322 399 386 380 325 400 364 364 334 260 322 312
-2147483647 -2147483647 34 241 394 399 107 20 305 393 400 400 392 400 316 -2147483647 -2147483647 -2147483647 -2147483647 -2147483647 -2147483647 -2147483647 -2147483647 -2147483647 -2147483647 -2147483647 -2147483647 23 5 57 140 21 3 3 1 27 6 7 3 4 32 45 136 165 377 400 391 348 328 320 334 304 369 362 389 399 359 311 400 400 400 397 400 400 399 396 292 395 400 400 399 326 304 365 361 400 366 335 369 336 361
-2147483647 -2147483647 -2147483647 -2147483647 211 223 80 9 243 396 400 400 400 400 387 -2147483647 -2147483647 -2147483647 -2147483647 -2147483647 -2147483647 -2147483647 -2147483647 -2147483647 -2147483647 -2147483647 -2147483647 -2147483647 91 1 146 54 0 0 0 0 0 0 1 0 0 20 4 98 103 354 366 370 268 194 335 293 333 296 364 397 368 400 400 400 400 400 400 384 400 400 348 400 390 397 378 386 400 343 363 369 399 396 353 349 389
-2147483647 -2147483647 -2147483647 -2147483647 -2147483647 62 -2147483647 -2147483647 221 365 395 400 400 400 400 271 236 -2147483647 -2147483647 -2147483647 -2147483647 -2147483647 -2147483647 -2147483647 -2147483647 -2147483647 -2147483647 -2147483647 186 99 255 282 71 4 0 0 1 2 10 0 2 0 28 1 55 259 365 373 321 313 348 258 359 363 371 372 377 389 400 400 400 400 400 278 387 380 368 400 400 398 400 396 388 400 396 398 311 400 397 360 346
-2147483647 -2147483647 -2147483647 -2147483647 -2147483647 -2147483647 -2147483647 -2147483647 -2147483647 312 364 400 400 400 399 393 221 253 -2147483647 -2147483647 -2147483647 -2147483647 -2147483647 -2147483647 -2147483647 -2147483647 -2147483647 -2147483647 -2147483647 -2147483647 -2147483647 255 280 34 0 1 6 0 11 8 0 0 3 4 5 184 118 53 104 279 152 295 336 284 346 383 390 398 400 400 400 383 396 374 347 400 400 387 347 400 400 364 355 331 368 397 374 399 400 400 391
-2147483647 -2147483647 -2147483647 -2147483647 -2147483647 -2147483647 -2147483647 -2147483647 -2147483647 -2147483647 235 311 400 400 400 400 400 394 -2147483647 -2147483647 -2147483647 -2147483647 -2147483647 -2147483647 -2147483647 -2147483647 -2147483647 -2147483647 -2147483647 -2147483647 -2147483647 -2147483647 82 35 6 0 0 0 0 5 16 0 6 0 0 52 103 60 7 288 144 214 310 318 321 365 367 357 400 400 390 394 393 373 375 400 400 400 309 400 340 400 400 395 399 335 400 400 399 400 383
-2147483647 -2147483647 -2147483647 -2147483647 -2147483647 -2147483647 -2147483647 -2147483647 -2147483647 -2147483647 -2147483647 -2147483647 216 396 400 400 397 399 239 -2147483647 -2147483647 -2147483647 -2147483647 -2147483647 -2147483647 -2147483647 -2147483647 -2147483647 -2147483647 -2147483647 -2147483647 -2147483647 84 0 19 0 0 0 16 8 3 0 3 3 8 95 14 2 22 147 261 317 349 344 288 337 364 347 397 400 399 400 394 400 377 379 385 400 398 400 369 384 400 394 400 399 374 373 398 395 400
-2147483647 -2147483647 -2147483647 -2147483647 -2147483647 -2147483647 -2147483647 -2147483647 -2147483647 -2147483647 -2147483647 -2147483647 -2147483647 231 400 400 400 396 334 -2147483647 -2147483647 -2147483647 -2147483647 -2147483647 -2147483647 -2147483647 -2147483647 -2147483647 -2147483647 -2147483647 -2147483647 182 101 16 1 4 0 1 3 0 0 0 7 1 0 3 7 0 0 4 64 302 364 339 314 347 373 356 354 346 388 400 398 400 392 388 385 362 249 205 320 400 398 382 398 399 400 400 400 395 397
-2147483647 -2147483647 -2147483647 -2147483647 -2147483647 -2147483647 -2147483647 -2147483647 -2147483647 -2147483647 -2147483647 -2147483647 -2147483647 -2147483647 361 400 400 400 344 -2147483647 -2147483647 -2147483647 -2147483647 -2147483647 -2147483647 -2147483647 -2147483647 -2147483647 -2147483647 -2147483647 117 0 0 0 95 60 0 0 0 0 0 0 0 0 0 1 0 1 0 3 11 232 315 292 392 373 390 353 370 348 377 388 400 400 400 374 269 206 216 106 37 170 161 50 281 388 399 392 400 400 399
-2147483647 -2147483647 -2147483647 -2147483647 -2147483647 -2147483647 -2147483647 -2147483647 -2147483647 -2147483647 -2147483647 -2147483647 -2147483647 -2147483647 216 400 400 400 400 -2147483647 -2147483647 -2147483647 -2147483647 -2147483647 -2147483647 -2147483647 -2147483647 -2147483647 -2147483647 -2147483647 -2147483647 114 110 22 0 0 0 0 0 0 0 0 0 0 0 0 1 9 4 45 231 353 229 391 280 341 320 330 359 344 370 398 400 388 398 335 134 55 160 307 272 78 44 76 81 173 311 348 400 400 400
-2147483647 -2147483647 -2147483647 -2147483647 -2147483647 -2147483647 -2147483647 -2147483647 -2147483647 -2147483647 -2147483647 -2147483647 -2147483647 -2147483647 -2147483647 400 400 400 400 343 -2147483647 -2147483647 -2147483647 -2147483647 -2147483647 -2147483647 -2147483647 -2147483647 -2147483647 -2147483647 -2147483647 -2147483647 69 85 93 5 0 0 11 0 0 0 0 5 0 0 7 0 0 18 241 86 342 276 276 372 238 330 341 348 286 381 396 400 367 271 351 176 346 116 233 335 400 351 357 378 385 329 394 400 400
-2147483647 -2147483647 -2147483647 -2147483647 -2147483647 -2147483647 -2147483647 -2147483647 -2147483647 -2147483647 -2147483647 -2147483647 -2147483647 -2147483647 181 400 400 400 400 400 364 -2147483647 -2147483647 -2147483647 -2147483647 -2147483647 -2147483647 -2147483647 -2147483647 -2147483647 -2147483647 -2147483647 -2147483647 -2147483647 -2147483647 122 54 13 0 14 0 0 0 0 0 0 0 0 0 0 82 345 299 117 242 287 279 304 344 329 369 397 400 400 321 379 366 358 370 214 40 243 393 370 379 386 400 400 397 400 360
-2147483647 -2147483647 -2147483647 -2147483647 -2147483647 -2147483647 -2147483647 -2147483647 -2147483647 -2147483647 -2147483647 -2147483647 -2147483647 -2147483647 245 400 393 400 400 400 400 -2147483647 -2147483647 -2147483647 -2147483647 -2147483647 -2147483647 -2147483647 -2147483647 -2147483647 -2147483647 -2147483647 -2147483647 -2147483647 -2147483647 -2147483647 96 95 0 21 0 0 0 0 0 0 0 0 0 0 9 268 361 243 110 145 166 264 385 345 387 397 332 338 359 392 377 400 400 400 286 201 228 311 392 397 394 321 267 333 387
-2147483647 -2147483647 -2147483647 -2147483647 -2147483647 -2147483647 -2147483647 -2147483647 -2147483647 -2147483647 -2147483647 -2147483647 -2147483647 -2147483647 311 400 394 389 400 400 400 326 -2147483647 -2147483647 -2147483647 -2147483647 -2147483647 -2147483647 -2147483647 -2147483647 -2147483647 -2147483647 -2147483647 -2147483647 -2147483647 -2147483647 -2147483647 -2147483647 20 7 0 0 0 0 0 0 0 0 0 0 0 50 205 169 312 148 134 315 294 377 387 388 347 393 400 400 379 400 400 400 400 400 395 384 393 400 400 396 388 392 397
