Post-hoc_landscape_analyses/Environmental_files/WNV_rasters/Land_cover_savannas_WNV_16.asc
NCOLS 390 
NROWS 216 
XLLCORNER -128.0000208 
YLLCORNER 18.9999684 
CELLSIZE 0.1666666 
NODATA_value -2147483647 
[rows 0 to 36 of 216, columns 164 to 245 of 390]
13 17 26 7 23 4 0 0 4 8 16 43 29 4 53 31 30 60 77 74 118 66 92 130 105 76 130 145 144 137 105 88 149 88 112 198 181 276 189 230 152 87 117 143 154 141 77 40 17 91 101 95 99 213 150 61 190 144 81 51 56 48 29 27 27 75 59 130 83 37 36 0 21 0 0 3 7 9 0 0 0 0
8 9 82 24 68 14 6 1 0 0 31 14 1 1 3 23 24 50 80 139 91 99 35 40 71 58 32 16 40 68 68 116 73 29 142 97 179 125 13 35 89 178 113 226 166 248 158 153 133 62 134 75 94 108 99 119 133 170 204 198 228 100 50 45 61 90 49 32 26 30 22 1 3 10 0 2 5 3 0 16 27 6
12 21 63 27 23 26 4 6 3 4 12 21 3 7 15 34 60 65 59 38 20 9 90 64 88 78 9 14 25 30 31 43 31 38 51 54 68 63 137 152 123 45 69 98 93 129 68 230 124 221 183 147 186 160 137 106 83 128 64 84 126 182 194 148 127 83 115 115 109 86 10 32 15 10 36 57 11 7 0 2 50 2
9 19 28 14 5 1 31 11 3 8 3 4 16 23 37 42 45 4 15 10 9 5 15 16 73 62 54 41 57 28 42 32 21 12 30 7 7 72 54 87 76 119 82 83 82 145 56 149 133 205 97 111 182 163 218 209 152 105 88 114 169 222 209 140 172 188 241 116 112 59 25 40 42 89 155 74 34 69 64 17 6 61
16 21 6 3 3 1 14 9 4 12 7 3 42 36 51 51 33 79 10 6 10 22 16 6 70 52 36 78 85 74 90 53 53 70 65 2 2 15 75 68 49 39 28 62 45 131 80 48 108 103 65 179 162 153 199 170 251 207 187 123 170 145 84 198 264 143 116 132 124 86 88 20 17 4 16 12 19 3 62 29 61 26
11 26 17 19 7 6 15 24 6 1 0 2 20 10 25 56 63 49 12 24 33 13 35 22 97 33 81 98 44 98 87 95 93 17 29 59 10 6 47 85 36 32 34 88 118 54 95 95 125 121 80 130 111 166 252 254 243 260 137 141 195 196 195 189 148 189 125 111 130 205 115 90 71 40 26 14 17 4 37 36 0 28
33 15 22 54 11 5 10 19 21 18 11 45 14 41 30 45 109 84 5 22 19 11 48 51 20 6 113 56 98 35 27 55 71 7 49 5 38 24 76 64 96 29 37 67 168 131 97 47 73 80 56 62 29 111 152 144 259 263 207 184 245 221 213 161 156 166 138 199 130 155 80 93 154 209 189 78 25 1 6 7 34 27
50 34 16 24 21 9 22 80 91 80 8 0 0 0 2 9 48 45 14 8 18 2 8 3 0 5 34 40 56 53 27 3 1 2 45 32 13 36 14 12 37 36 63 71 57 68 107 118 50 24 26 68 118 75 85 99 193 127 128 231 213 125 113 64 34 102 267 218 240 218 250 274 286 213 248 284 263 163 44 1 28 23
34 5 11 17 4 17 19 17 26 84 2 0 0 0 0 0 0 39 34 9 4 1 1 2 1 31 36 15 5 48 3 5 1 0 1 0 1 11 18 0 3 9 28 3 39 39 84 39 15 9 20 9 19 19 13 12 57 112 104 11 57 178 124 161 169 226 186 151 115 110 155 228 206 247 189 189 221 203 105 92 57 9
4 0 11 6 27 26 10 28 64 11 0 0 0 0 0 0 0 0 64 21 31 2 0 4 4 16 4 20 40 7 21 0 2 3 0 0 0 0 6 4 1 2 8 4 16 3 2 21 22 8 2 4 16 50 101 36 19 50 126 132 30 60 129 68 43 147 190 204 146 188 146 18 74 109 274 256 204 234 249 181 92 36
19 72 1 2 43 58 73 21 60 0 0 0 0 0 0 0 0 0 37 70 6 19 4 0 1 10 2 7 0 9 3 0 0 0 1 0 0 0 0 0 0 2 14 20 7 0 2 0 25 26 21 5 30 27 25 58 38 81 74 108 51 92 133 138 25 64 156 39 27 48 28 59 160 160 149 121 175 254 205 284 163 116
7 0 6 1 26 73 43 58 31 26 13 78 27 4 0 0 0 0 0 64 39 31 18 9 3 4 1 1 0 3 5 0 1 5 1 1 1 0 7 12 0 0 4 8 33 17 12 34 21 12 1 8 29 43 11 47 77 133 59 55 75 67 33 37 93 100 224 177 142 131 99 175 237 176 170 184 191 235 205 131 198 145
27 0 1 0 0 10 13 28 9 13 80 56 11 0 0 0 0 0 0 24 2 2 5 8 3 3 3 5 35 9 0 3 13 0 1 1 8 2 6 1 2 3 33 7 6 6 6 7 3 0 1 13 51 37 87 86 34 65 181 179 134 76 55 40 49 51 69 101 41 70 164 167 155 97 141 137 138 193 227 90 166 280
31 6 5 1 0 7 0 3 1 2 1 0 0 0 0 0 0 0 0 0 22 5 4 12 11 1 1 0 1 0 9 21 28 4 19 7 44 30 12 0 14 1 3 0 2 2 0 0 1 0 1 0 0 0 0 1 19 25 75 95 81 160 41 1 17 6 5 25 42 15 17 130 151 68 42 128 262 280 256 218 258 233
1 2 0 29 1 0 32 11 6 0 6 7 7 0 0 1 0 0 0 0 7 15 5 5 5 3 4 40 21 51 4 13 19 88 47 10 25 30 4 46 55 11 7 3 19 5 5 2 0 1 7 3 9 13 23 49 20 27 12 17 8 22 6 7 21 25 8 5 6 10 1 23 38 84 67 53 79 177 106 243 248 202
25 17 25 10 20 4 15 26 52 11 3 0 9 5 0 7 14 0 0 0 14 37 24 2 3 0 0 2 22 0 3 0 18 13 8 23 16 14 3 5 5 6 3 0 1 0 2 0 2 0 5 11 1 13 19 16 9 38 19 20 8 15 7 24 22 5 6 30 16 27 19 3 1 2 4 5 69 57 119 222 274 146
0 2 48 0 12 18 21 30 19 14 2 0 4 3 12 2 4 0 0 5 13 11 12 2 1 1 0 0 5 1 2 29 8 6 19 26 3 0 0 0 11 3 0 1 0 0 0 2 26 0 0 1 0 0 3 0 0 28 39 31 3 0 7 7 15 3 0 7 0 1 0 7 3 14 18 23 59 79 136 175 135 58
0 0 71 23 10 88 17 95 10 7 0 0 4 3 5 46 0 15 39 16 0 4 7 2 1 0 0 1 0 6 12 11 10 0 7 2 0 0 0 2 0 3 0 0 0 0 0 0 0 4 2 1 2 0 2 0 0 0 7 6 2 1 10 30 3 0 0 2 10 12 6 0 0 11 22 10 44 26 74 48 77 36
4 6 41 32 56 126 34 46 16 1 0 0 2 0 1 6 32 10 9 7 0 0 14 13 0 5 0 0 7 2 8 1 0 8 41 44 4 0 3 3 0 0 0 0 0 0 0 10 0 0 0 2 9 0 0 2 10 27 93 97 8 0 0 12 3 0 0 0 6 4 5 1 14 16 52 28 5 5 0 7 3 6
0 33 22 13 16 77 43 23 94 36 20 6 13 8 13 23 13 1 8 41 42 6 11 20 0 0 0 0 0 0 1 0 3 0 5 9 24 8 0 0 3 1 5 0 0 1 12 1 0 2 4 16 15 38 8 7 5 6 7 0 17 0 2 3 0 12 6 13 0 1 13 0 15 29 27 76 28 66 49 8 4 4
3 7 17 10 0 4 8 125 29 40 88 75 7 25 2 3 3 4 17 34 22 11 14 2 15 1 0 0 0 2 1 6 0 0 0 8 106 35 1 0 2 0 5 5 0 0 3 2 2 3 4 5 14 10 21 3 3 0 3 4 0 1 10 0 0 0 1 0 1 1 0 14 42 48 4 7 11 26 34 44 21 2
3 0 5 0 0 39 12 17 69 6 28 8 0 5 1 40 40 23 16 8 1 14 7 0 2 3 2 0 0 0 0 1 0 1 0 0 0 1 3 9 6 0 10 3 0 2 2 14 12 17 18 2 3 15 10 7 1 13 5 5 1 6 22 9 0 1 0 0 0 0 0 7 3 34 15 7 27 16 15 1 12 35
0 0 1 0 0 0 0 21 12 10 1 0 2 0 13 50 37 3 3 10 3 12 7 6 3 1 0 0 0 0 0 0 0 0 3 7 1 1 4 2 7 7 12 19 13 14 7 21 14 21 23 3 3 5 2 9 4 2 1 5 16 17 10 50 1 0 0 0 0 10 36 4 24 19 55 54 49 6 8 13 43 19
7 0 0 0 0 0 1 0 29 12 57 30 21 0 1 83 56 2 0 2 4 0 1 2 0 0 3 0 0 0 0 0 4 5 0 2 1 1 1 20 6 11 0 0 21 4 2 13 16 22 3 4 0 0 10 5 36 17 10 7 16 35 36 17 4 2 0 0 0 0 10 7 3 6 23 19 56 9 1 16 19 5
92 1 0 0 0 0 0 0 39 70 24 10 25 5 0 43 71 65 15 0 0 0 0 0 0 0 1 0 0 0 9 0 5 0 3 15 0 1 9 0 1 0 0 2 0 1 3 2 3 0 1 0 0 0 0 0 10 22 13 54 62 5 12 5 10 7 0 20 12 0 5 24 13 16 17 1 42 36 9 1 60 31
46 53 52 13 0 2 2 0 10 1 4 8 0 0 7 2 5 96 85 14 1 3 0 0 0 2 2 0 0 0 0 0 0 0 0 2 0 2 0 0 0 0 3 4 1 0 0 0 0 0 0 0 0 1 2 2 8 22 8 51 0 2 8 0 12 12 7 15 40 24 0 0 9 17 24 22 12 6 6 6 19 41
0 1 5 3 6 1 32 0 0 0 0 4 1 0 0 0 2 4 51 10 0 0 0 0 2 4 6 0 0 0 0 0 0 1 0 0 1 4 1 0 2 3 2 3 1 8 1 4 0 1 4 4 13 8 0 0 14 29 7 0 1 15 17 2 28 59 44 49 7 15 19 17 2 13 9 16 0 1 14 14 31 9
0 0 0 0 0 0 2 0 0 0 17 1 2 0 0 0 0 5 17 14 0 0 0 0 16 3 0 10 17 1 1 1 0 0 0 2 0 0 0 4 7 14 5 14 8 2 9 6 6 2 1 3 23 13 0 0 0 2 2 1 19 50 56 11 35 20 46 50 57 53 44 5 10 2 0 1 0 0 5 2 8 18
0 0 0 0 0 0 0 0 0 0 0 0 0 0 0 8 1 3 0 0 0 0 0 0 3 0 0 0 0 1 2 7 0 0 1 5 7 29 21 9 2 1 0 0 7 5 8 1 10 13 11 0 37 14 1 0 2 0 1 9 9 42 56 20 5 2 20 28 37 17 3 7 1 0 26 1 0 0 0 0 0 0
0 0 0 0 0 0 0 0 0 0 0 0 0 0 0 0 0 0 0 0 0 0 0 0 0 0 0 0 3 7 9 6 4 0 2 15 0 0 0 1 5 3 7 2 2 0 1 0 1 1 11 1 6 0 6 4 0 0 0 1 30 69 100 50 38 16 1 2 12 6 0 0 0 4 4 0 0 0 1 3 5 6
0 0 0 0 0 0 4 1 0 2 0 0 0 0 0 0 0 0 0 0 0 0 0 0 0 0 0 0 0 1 9 0 4 0 7 12 19 12 1 0 1 1 1 2 1 0 0 0 1 5 1 4 5 0 0 1 2 8 20 9 32 37 65 16 2 0 0 0 0 4 8 20 11 4 2 8 2 0 1 3 10 0
0 0 0 0 0 0 0 5 2 18 0 0 0 0 0 0 0 0 0 0 0 0 0 0 0 0 2 0 0 0 0 0 3 0 12 19 56 10 5 0 0 4 7 2 3 0 0 3 2 0 0 1 2 10 46 4 2 4 34 23 5 41 43 14 12 0 0 0 2 6 2 3 0 4 0 47 0 0 0 0 0 0
1 0 0 0 0 2 0 0 5 10 0 0 0 0 0 0 0 0 0 0 0 0 0 0 0 3 0 0 0 0 1 1 4 11 17 50 18 18 6 0 0 0 0 0 3 3 0 0 0 0 0 0 40 13 8 15 5 2 5 3 1 5 9 5 0 1 0 0 2 24 0 6 7 9 0 75 3 0 0 0 0 0
0 0 0 0 0 0 2 0 0 0 0 0 0 0 0 0 0 0 0 0 0 0 0 0 0 0 2 1 0 0 0 0 0 6 34 46 7 7 15 18 8 4 0 11 0 0 1 0 0 0 0 2 3 2 3 1 0 0 1 0 1 8 6 1 0 0 0 0 0 1 7 13 2 0 4 33 0 1 0 0 0 0
0 0 0 0 0 0 0 1 2 0 0 0 0 0 0 0 0 0 0 0 0 0 0 7 0 15 1 1 0 4 1 0 2 1 0 3 12 17 9 1 5 3 0 2 10 2 0 1 0 0 6 8 1 2 1 0 3 0 0 0 0 1 2 0 1 3 1 0 0 0 0 4 23 1 0 1 0 2 0 0 0 2
0 47 158 165 36 0 0 0 0 0 0 0 0 0 2 0 0 0 0 0 3 0 0 0 4 9 4 0 0 0 0 1 6 0 0 2 10 5 22 12 4 0 3 11 2 1 0 0 0 0 2 3 2 1 5 1 0 0 0 0 0 0 0 0 0 0 0 0 0 0 0 0 0 0 0 0 0 0 0 0 0 0
4 42 18 14 103 24 0 0 0 0 0 0 0 0 6 1 0 0 0 0 0 0 0 0 0 2 0 0 0 0 0 0 0 1 10 4 20 24 1 0 1 0 14 26 20 0 5 2 0 0 1 0 0 0 1 1 0 0 0 0 4 0 0 1 0 0 0 0 0 0 0 0 0 1 0 -2147483647 7 0 2 0 0 0
