Post-hoc_landscape_analyses/Environmental_files/WNV_rasters/Land_cover_grasslands_WNV_16.asc
NCOLS 390 
NROWS 216 
XLLCORNER -128.0000208 
YLLCORNER 18.9999684 
CELLSIZE 0.1666666 
NODATA_value -2147483647 
[rows 0 to 34 of 216, columns 237 to 315 of 390]
0 0 2 32 16 17 14 0 38 81 24 7 0 0 0 0 0 0 2 0 0 0 2 0 0 0 0 0 0 0 3 2 15 5 1 7 7 -2147483647 -2147483647 -2147483647 -2147483647 -2147483647 -2147483647 -2147483647 -2147483647 -2147483647 -2147483647 -2147483647 -2147483647 -2147483647 -2147483647 -2147483647 -2147483647 -2147483647 -2147483647 -2147483647 -2147483647 -2147483647 26 26 38 94 5 1 3 2 21 37 11 21 70 26 0 0 8 0 0 8 15
0 0 0 0 0 15 29 1 5 7 0 1 0 0 0 3 5 1 1 4 0 5 10 1 2 0 3 0 0 0 0 0 0 0 0 3 4 39 -2147483647 -2147483647 -2147483647 -2147483647 -2147483647 -2147483647 -2147483647 -2147483647 -2147483647 -2147483647 -2147483647 -2147483647 -2147483647 -2147483647 -2147483647 -2147483647 47 27 76 64 42 76 219 226 95 28 19 23 55 11 2 5 13 49 28 5 6 8 0 0 24
3 0 0 0 1 24 10 13 5 14 7 4 21 0 5 0 3 1 4 10 53 20 18 21 5 4 0 3 0 0 0 32 0 0 0 0 4 -2147483647 -2147483647 -2147483647 -2147483647 -2147483647 -2147483647 -2147483647 -2147483647 -2147483647 -2147483647 -2147483647 -2147483647 -2147483647 -2147483647 -2147483647 -2147483647 -2147483647 39 108 73 58 4 10 5 49 50 42 31 43 27 37 0 3 1 0 1 49 26 6 3 0 5
3 1 7 1 0 87 24 6 11 5 16 0 2 0 6 0 4 0 4 14 68 20 31 6 3 13 0 3 0 7 2 2 0 3 1 1 78 -2147483647 -2147483647 -2147483647 -2147483647 -2147483647 -2147483647 -2147483647 -2147483647 -2147483647 -2147483647 -2147483647 -2147483647 -2147483647 -2147483647 -2147483647 -2147483647 -2147483647 43 59 110 3 43 15 2 39 89 131 62 56 43 36 26 79 15 1 1 35 59 12 14 1 4
29 14 7 14 0 8 7 2 11 5 2 0 0 0 6 3 19 0 41 70 51 3 32 6 10 17 10 3 0 0 0 1 1 0 0 3 -2147483647 -2147483647 -2147483647 -2147483647 -2147483647 -2147483647 -2147483647 -2147483647 -2147483647 -2147483647 -2147483647 -2147483647 -2147483647 -2147483647 -2147483647 -2147483647 -2147483647 -2147483647 -2147483647 41 36 14 20 8 2 4 0 6 6 3 42 23 46 90 92 52 43 63 38 79 35 45 55
14 0 0 0 1 0 0 9 3 0 7 3 0 14 2 1 20 3 16 5 18 5 10 1 5 0 2 1 10 0 4 0 1 0 3 2 20 -2147483647 -2147483647 -2147483647 -2147483647 -2147483647 -2147483647 -2147483647 -2147483647 -2147483647 -2147483647 -2147483647 -2147483647 -2147483647 -2147483647 -2147483647 -2147483647 -2147483647 -2147483647 -2147483647 -2147483647 19 23 6 5 0 0 19 79 0 8 2 19 14 124 136 247 298 80 36 36 16 14
6 11 0 0 0 0 1 0 0 1 4 0 49 40 0 4 5 11 2 0 15 0 0 3 105 38 84 19 5 13 0 7 8 1 1 6 0 2 -2147483647 -2147483647 -2147483647 -2147483647 -2147483647 -2147483647 -2147483647 -2147483647 -2147483647 -2147483647 -2147483647 -2147483647 -2147483647 -2147483647 -2147483647 -2147483647 -2147483647 -2147483647 -2147483647 30 6 0 0 0 0 0 2 7 14 0 13 49 192 322 245 110 16 11 179 279 282
5 21 1 22 9 3 0 0 2 1 0 0 0 2 2 0 0 0 0 1 2 13 0 0 4 2 8 22 4 5 1 11 53 6 9 0 0 5 -2147483647 -2147483647 -2147483647 -2147483647 -2147483647 -2147483647 -2147483647 -2147483647 -2147483647 -2147483647 -2147483647 -2147483647 -2147483647 -2147483647 -2147483647 -2147483647 -2147483647 -2147483647 -2147483647 55 37 28 42 38 19 13 7 169 309 327 341 369 342 176 165 117 65 170 229 315 332
93 155 142 111 41 18 10 5 0 0 0 0 0 1 0 1 6 1 0 1 0 0 0 1 0 3 1 4 25 27 2 11 0 0 0 0 4 38 -2147483647 -2147483647 -2147483647 -2147483647 -2147483647 -2147483647 -2147483647 -2147483647 -2147483647 -2147483647 -2147483647 -2147483647 -2147483647 -2147483647 -2147483647 -2147483647 -2147483647 -2147483647 -2147483647 70 7 0 37 10 27 68 37 55 265 309 297 262 219 284 180 107 19 209 314 206 180
10 22 29 26 17 39 22 21 7 15 0 0 0 0 6 0 8 13 41 39 7 11 6 2 5 7 6 2 12 2 6 0 1 0 1 3 5 5 -2147483647 -2147483647 -2147483647 -2147483647 -2147483647 -2147483647 -2147483647 -2147483647 -2147483647 -2147483647 -2147483647 -2147483647 -2147483647 -2147483647 -2147483647 -2147483647 -2147483647 -2147483647 -2147483647 62 3 0 4 6 81 104 22 22 20 9 27 91 117 257 45 9 8 123 129 36 25
15 21 24 17 4 26 22 5 9 1 0 6 0 0 0 0 1 56 54 1 15 4 20 55 30 4 13 0 0 2 1 2 3 0 0 0 1 24 -2147483647 -2147483647 -2147483647 -2147483647 -2147483647 -2147483647 -2147483647 -2147483647 -2147483647 -2147483647 -2147483647 -2147483647 -2147483647 -2147483647 -2147483647 -2147483647 -2147483647 -2147483647 -2147483647 60 11 16 0 2 33 48 5 57 31 0 27 114 279 91 59 60 59 32 3 8 31
31 80 56 52 47 93 143 54 6 7 20 0 0 0 0 1 0 0 2 8 4 5 7 6 6 7 0 0 0 0 0 0 2 0 2 0 3 -2147483647 -2147483647 10 21 1 0 0 1 -2147483647 -2147483647 -2147483647 -2147483647 -2147483647 -2147483647 -2147483647 -2147483647 -2147483647 -2147483647 -2147483647 -2147483647 101 42 13 26 53 0 0 0 0 6 0 2 205 125 76 35 17 0 0 7 3 2
25 82 128 153 128 69 261 195 44 49 19 0 2 0 0 0 1 3 0 0 2 2 9 3 0 0 17 2 1 8 5 3 1 1 1 1 5 4 -2147483647 -2147483647 -2147483647 38 37 17 3 0 -2147483647 -2147483647 -2147483647 -2147483647 -2147483647 -2147483647 -2147483647 -2147483647 -2147483647 -2147483647 -2147483647 -2147483647 64 2 0 0 0 0 0 9 45 10 37 92 124 38 55 42 23 2 10 2 1
39 17 35 43 8 9 27 17 11 13 0 0 3 2 17 3 0 1 13 1 0 1 13 5 3 0 2 0 0 0 2 0 0 0 0 2 0 2 5 -2147483647 -2147483647 -2147483647 -2147483647 -2147483647 -2147483647 33 43 -2147483647 -2147483647 -2147483647 -2147483647 -2147483647 -2147483647 -2147483647 -2147483647 -2147483647 -2147483647 -2147483647 65 4 0 0 0 4 2 108 43 6 10 8 79 113 115 155 101 5 29 7 0
3 49 87 176 107 57 36 39 7 9 31 0 0 7 4 0 0 1 44 4 0 0 0 6 0 0 1 4 1 1 0 0 0 2 1 1 2 2 0 4 -2147483647 -2147483647 -2147483647 -2147483647 -2147483647 -2147483647 -2147483647 -2147483647 -2147483647 -2147483647 -2147483647 -2147483647 -2147483647 -2147483647 -2147483647 -2147483647 -2147483647 -2147483647 -2147483647 29 4 3 15 4 6 13 1 15 33 6 6 248 195 236 115 14 39 26 25
15 24 25 34 58 19 40 17 4 4 17 49 52 15 3 6 0 6 10 127 24 0 0 3 0 1 2 21 9 0 15 3 1 0 0 0 0 0 3 2 1 46 -2147483647 -2147483647 -2147483647 -2147483647 -2147483647 -2147483647 -2147483647 -2147483647 -2147483647 -2147483647 -2147483647 -2147483647 -2147483647 -2147483647 -2147483647 -2147483647 -2147483647 -2147483647 16 11 9 1 13 30 87 1 6 14 94 202 190 114 40 17 17 8 16
57 109 48 225 125 117 79 39 0 13 10 7 14 20 15 12 28 28 5 143 117 18 0 2 0 0 1 6 1 4 2 1 3 0 4 0 1 2 0 19 13 51 -2147483647 -2147483647 -2147483647 -2147483647 -2147483647 -2147483647 -2147483647 -2147483647 -2147483647 -2147483647 -2147483647 -2147483647 -2147483647 -2147483647 -2147483647 -2147483647 -2147483647 -2147483647 53 7 3 5 1 4 11 10 3 3 49 102 48 45 12 29 23 26 100
71 3 22 16 9 11 10 3 5 0 2 5 3 2 6 35 0 1 5 1 0 0 0 0 0 2 6 1 1 0 3 0 2 0 22 1 0 2 10 1 0 1 0 -2147483647 -2147483647 -2147483647 -2147483647 -2147483647 -2147483647 -2147483647 -2147483647 -2147483647 -2147483647 -2147483647 -2147483647 -2147483647 -2147483647 -2147483647 -2147483647 16 6 2 21 27 20 37 7 2 67 34 93 34 5 11 207 340 174 135 61
17 38 74 16 6 0 4 1 0 2 0 0 0 4 30 0 11 1 24 40 0 0 0 0 0 2 0 0 0 0 0 1 0 3 22 12 0 0 0 0 0 0 0 0 0 4 -2147483647 -2147483647 -2147483647 -2147483647 -2147483647 -2147483647 -2147483647 -2147483647 -2147483647 -2147483647 -2147483647 -2147483647 32 2 0 0 5 13 8 6 25 0 18 12 2 0 0 14 7 45 24 38 31
76 27 69 7 52 27 20 0 0 5 0 0 0 0 0 4 0 1 0 0 0 0 0 2 1 0 1 1 0 0 0 4 23 1 0 0 0 0 0 0 0 0 0 0 0 0 2 -2147483647 -2147483647 -2147483647 -2147483647 -2147483647 -2147483647 -2147483647 -2147483647 -2147483647 -2147483647 52 7 3 0 0 0 8 8 5 1 0 11 22 5 2 37 41 6 17 9 5 40
40 7 30 104 81 9 14 1 0 0 3 5 1 2 0 1 5 20 26 2 61 0 0 0 4 0 0 0 0 0 15 18 1 1 0 0 0 0 0 0 8 0 0 0 0 1 0 7 -2147483647 -2147483647 -2147483647 -2147483647 -2147483647 -2147483647 34 -2147483647 -2147483647 -2147483647 30 0 0 1 1 0 0 13 8 40 42 137 23 49 62 42 11 51 1 14 6
45 36 22 60 65 12 2 8 44 9 8 4 3 6 0 0 1 82 14 0 0 0 3 0 0 18 12 0 10 24 20 0 0 0 0 1 0 0 0 0 0 0 0 0 0 2 0 3 -2147483647 -2147483647 -2147483647 -2147483647 -2147483647 31 14 1 8 -2147483647 30 7 7 6 2 2 1 14 12 28 32 55 68 35 31 33 12 27 5 16 13
22 19 57 20 10 17 69 64 3 25 11 3 2 0 0 0 7 14 12 0 4 3 2 0 0 2 7 19 0 0 0 0 0 12 0 4 0 2 3 0 0 3 0 1 4 0 22 98 32 1 5 -2147483647 -2147483647 27 1 2 1 41 0 7 0 3 5 2 3 11 26 35 78 79 52 7 21 22 53 20 25 93 82
18 17 12 38 29 2 16 23 6 7 2 0 1 0 0 0 18 5 12 0 0 0 0 4 2 1 0 1 3 0 12 1 6 47 39 0 0 1 0 0 0 0 2 0 11 48 31 2 0 0 0 3 29 11 0 0 0 7 57 42 3 1 3 5 49 33 44 17 15 102 35 59 30 74 75 102 31 133 181
25 21 0 123 37 0 0 25 49 7 3 5 0 0 0 1 1 0 0 0 0 0 14 0 2 0 19 7 55 17 1 1 0 0 0 0 0 0 0 0 0 0 1 11 7 2 0 3 0 0 0 0 0 11 6 3 6 3 0 0 23 27 19 80 78 28 106 88 225 269 172 61 62 117 136 35 17 87 50
59 169 69 4 2 5 7 54 121 9 11 20 0 0 0 6 0 2 0 0 0 0 0 0 1 0 42 8 0 1 2 7 2 0 2 0 0 0 0 1 0 0 0 3 0 0 0 0 1 0 0 0 0 0 2 6 0 4 0 7 5 3 24 63 37 23 50 46 141 125 31 7 70 39 7 5 27 13 2
30 39 0 5 1 50 132 36 1 13 14 15 7 0 0 0 0 0 0 0 0 0 5 4 0 0 40 10 0 0 0 0 0 6 0 0 0 0 0 4 0 0 0 0 0 0 0 9 0 0 0 0 0 0 0 2 3 11 5 14 27 19 70 40 43 7 6 1 46 4 19 113 89 17 17 29 22 20 38
3 3 7 12 26 18 64 57 108 44 41 10 37 3 1 0 0 0 8 8 0 0 0 0 1 6 1 0 7 9 0 1 14 0 0 0 0 0 1 0 1 0 0 0 2 0 1 1 39 243 55 19 2 4 2 0 8 3 3 19 110 68 35 38 56 6 17 0 15 28 89 30 10 75 45 60 45 73 28
181 136 6 6 0 0 0 12 5 96 57 50 12 14 1 0 0 0 3 0 0 0 0 0 0 3 0 0 0 0 0 0 0 1 3 0 0 0 4 0 0 0 0 1 0 16 2 50 73 144 34 16 53 49 6 3 14 0 0 8 16 83 2 1 27 77 146 5 37 150 113 9 0 17 37 41 3 69 17
356 324 67 0 0 19 136 7 28 77 13 37 7 20 4 0 0 0 0 0 0 0 0 0 0 0 0 0 0 0 0 0 0 2 0 0 0 2 1 0 0 0 0 2 0 0 37 6 5 8 2 14 32 10 9 21 9 3 2 4 11 56 1 7 64 4 71 0 27 95 67 3 1 29 2 1 4 36 39
387 391 262 26 0 54 54 38 7 2 39 10 6 33 19 43 0 0 0 3 4 0 0 0 0 0 0 6 15 0 0 0 9 7 0 0 0 6 48 0 0 0 3 0 1 0 2 8 6 13 26 17 2 22 9 7 7 0 0 4 1 70 112 1 99 133 133 73 24 41 118 90 0 3 39 27 56 130 42
384 395 173 2 0 20 9 15 21 50 7 54 6 12 55 7 10 1 0 0 2 0 0 0 0 3 8 14 13 2 30 0 0 1 20 4 14 2 1 2 0 0 0 0 0 0 0 2 3 30 40 4 0 5 6 1 2 15 0 4 0 2 0 8 25 24 26 115 51 130 254 1 1 0 0 4 0 5 3
321 400 92 0 0 2 1 4 1 26 80 8 46 0 0 3 0 0 0 0 0 3 0 4 0 5 0 0 0 0 0 0 0 0 4 2 13 1 0 0 0 0 0 0 2 3 53 1 1 17 10 5 15 0 0 3 1 4 13 0 1 2 0 0 0 0 10 2 2 2 0 85 208 7 22 84 42 38 1
241 143 41 27 28 34 9 34 8 73 2 1 5 1 0 0 0 7 0 1 75 30 14 28 0 0 0 0 0 0 0 0 0 0 0 0 0 16 27 0 1 0 3 5 0 0 11 72 2 12 1 4 1 0 0 2 2 0 30 7 1 0 1 1 0 19 0 0 6 4 28 61 88 66 38 58 40 28 103
6 11 0 20 18 2 18 0 6 0 4 0 4 0 0 0 2 0 0 0 17 2 2 0 0 0 16 0 0 0 0 3 0 0 8 0 0 0 0 0 0 0 0 8 1 0 3 0 0 0 3 0 0 0 0 0 0 0 1 4 0 0 0 0 0 0 0 2 0 2 8 12 19 0 16 5 11 29 46
