Post-hoc_landscape_analyses/Environmental_files/WNV_rasters/Western_flyway_normalised.asc
NCOLS 312 
NROWS 173 
XLLCORNER -128.0000208 
YLLCORNER 18.9999684 
CELLSIZE 0.20833325 
NODATA_value -9999 
[rows 44 to 65 of 173, columns 0 to 48 of 312]
-9999 -9999 -9999 -9999 -9999 -9999 -9999 -9999 -9999 -9999 -9999 -9999 -9999 -9999 -9999 -9999 -9999 -9999 -9999 0.862332472001574 0.907058975646094 0.89834912497707 0.900412972155413 0.893231257673282 0.76375278046038 0.751197167676419 0.881052274112078 0.897780225827531 0.886270454875651 0.87092867843626 0.872806264125388 0.816952212727277 0.818385441904714 0.709388317461651 0.665731093933832 0.66055036609017 0.648514199013305 0.675824326372683 0.637248655145509 0.653898668293606 0.604296766883656 0.640380562240085 0.6120272514771 0.544862531047367 0.624609560838711 0.577395191822042 0.760056205361994 0.88226681437386 0.863085142860406
-9999 -9999 -9999 -9999 -9999 -9999 -9999 -9999 -9999 -9999 -9999 -9999 -9999 -9999 -9999 -9999 -9999 -9999 -9999 0.870754449483997 0.802351577422312 0.907256521896525 0.878075839790841 0.694760466366655 0.859552255961804 0.725584009895232 0.824408854793402 0.804572407722004 0.894552627632023 0.870416966445785 0.873189219334122 0.862462545732917 0.720879118469301 0.64399470108968 0.622876355709503 0.602164409197589 0.635408333697858 0.592955028738195 0.607877640627175 0.592089556082614 0.644232750196132 0.620248926770908 0.641819962488413 0.643582428529176 0.652079639840211 0.798691195711643 0.882872441072845 0.88115372404238 0.75335460553023
-9999 -9999 -9999 -9999 -9999 -9999 -9999 -9999 -9999 -9999 -9999 -9999 -9999 -9999 -9999 -9999 -9999 -9999 -9999 0.884387115988553 0.89667788872023 0.897324039317604 0.82971912850572 0.798711785035632 0.751947136512762 0.836047394904581 0.854262693697704 0.823584567617983 0.860065462631257 0.899588354913543 0.876010804232229 0.875292746276571 0.765981837734359 0.642827649479499 0.661149840094015 0.61564498760471 0.669648465887844 0.674662658094923 0.65172578810756 0.615049377749374 0.667993623651009 0.677970577416493 0.722575367104421 0.76904870085734 0.822588027338181 0.861747959013758 0.851008769623249 0.838533577042236 0.622652625148468
-9999 -9999 -9999 -9999 -9999 -9999 -9999 -9999 -9999 -9999 -9999 -9999 -9999 -9999 -9999 -9999 -9999 -9999 -9999 0.894359817917065 0.890680051621821 0.862812405478571 0.722893073051797 0.686533769840604 0.690215762187635 0.741074915289744 0.882685270519803 0.88520192562717 0.880862513284836 0.88778391275606 0.88810041864092 0.863632825239005 0.705902247687674 0.698004541910749 0.710253781061135 0.673817461135449 0.708455123627179 0.678554725755785 0.809155224848647 0.794467366620673 0.834143133523425 0.86171573417136 0.85027584525437 0.710278192409866 0.8720315000909 0.857953799711394 0.885148065395039 0.866531564649905 0.710908920419251
-9999 -9999 -9999 -9999 -9999 -9999 -9999 -9999 -9999 -9999 -9999 -9999 -9999 -9999 -9999 -9999 -9999 -9999 -9999 0.867527599149905 0.883072092427041 0.902878146742765 0.823846368308165 0.750649147269927 0.743399169522433 0.7557789204077 0.892925525548364 0.884421055201352 0.88035257082439 0.890373728877415 0.877789459756525 0.792174954064552 0.745012248558187 0.675948626399905 0.717678564647107 0.730708900694995 0.721582802077277 0.817973727876361 0.828812621695401 0.769852097041401 0.867892299994749 0.76895387831554 0.810215121839934 0.842477228558065 0.888437477732239 0.91089190072137 0.89418816273 0.835084625371265 0.560172744793297
-9999 -9999 -9999 -9999 -9999 -9999 -9999 -9999 -9999 -9999 -9999 -9999 -9999 -9999 -9999 -9999 -9999 -9999 0.920371996016541 0.89195080620639 0.909271771364859 0.908363182768098 0.778927361745014 0.663858947257889 0.678157792376844 0.871335387397154 0.867879709111827 0.890687870173245 0.886339068661079 0.872981514747893 0.900584062189263 0.876888101504756 0.645721441875143 0.69166106013239 0.767705249384533 0.752321229057985 0.754854948630063 0.7134938084617 0.807435548117074 0.817458380317045 0.809612653733471 0.814968638298914 0.801289772343695 0.904606845501745 0.892372326894588 0.911743736615336 0.908925446966007 0.819942616385104 0.72867108035587
-9999 -9999 -9999 -9999 -9999 -9999 -9999 -9999 -9999 -9999 -9999 -9999 -9999 -9999 -9999 -9999 -9999 -9999 0.790266077080409 0.868231554270447 0.917021250956234 0.892741891130908 0.719586833017817 0.69463467327202 0.797061294642076 0.891254920907846 0.89944781768062 0.891291919813873 0.86864399034617 0.832497717979983 0.884826150284463 0.874606900802246 0.675168817289865 0.749498338751377 0.836107006812651 0.842299690934073 0.851922968249477 0.850603680141545 0.798309636918845 0.796452917526866 0.819797363370954 0.757301057108515 0.753058223306989 0.875912398259748 0.790957521867441 0.871011818228755 0.910162921679472 0.785618347189518 0.830654453543144
-9999 -9999 -9999 -9999 -9999 -9999 -9999 -9999 -9999 -9999 -9999 -9999 -9999 -9999 -9999 -9999 -9999 -9999 0.913150960095146 0.901313063914277 0.915511770950988 0.900538136380062 0.757930797687193 0.696614952559642 0.826216419920776 0.897370087692833 0.884247585990143 0.882390705282595 0.874914183351501 0.837555186901844 0.894731583091593 0.714465149944193 0.732215600836341 0.694020605917877 0.72871202116436 0.83526384935144 0.860911899423685 0.836577635219392 0.802090342348712 0.853957831091967 0.825185447911299 0.89455579073265 0.856076286538907 0.859801035988087 0.897905898185381 0.861577090313623 0.904748166706667 0.818743374128326 0.785873909756012
-9999 -9999 -9999 -9999 -9999 -9999 -9999 -9999 -9999 -9999 -9999 -9999 -9999 -9999 -9999 -9999 -9999 -9999 0.940621149554032 0.895595581307353 0.902608833351529 0.909040540470119 0.791883617207985 0.708840368474096 0.823629054932191 0.891846566366984 0.885316817625772 0.88229435161888 0.874641961988312 0.87165523631046 0.863340111211331 0.862683269915144 0.722460994459523 0.755970602243637 0.764439920169894 0.777940902353154 0.757514229688932 0.759847905450036 0.713037626258257 0.704664795143833 0.78135174874447 0.868995536910267 0.854960802936924 0.803718505210504 0.916675403784391 0.883596161577574 0.825994350781246 0.847464188942437 0.776803718765354
-9999 -9999 -9999 -9999 -9999 -9999 -9999 -9999 -9999 -9999 -9999 -9999 -9999 -9999 -9999 -9999 -9999 -9999 0.806396311924535 0.906313475714086 0.907947988572614 0.904880930921116 0.906313562986097 0.836185185478339 0.819579845612665 0.875032378360322 0.893537268240789 0.87307820333445 0.868365041663315 0.845713061696885 0.86832538287552 0.858757724563336 0.826133224110592 0.793975818795108 0.764553918155818 0.750396232041843 0.758372202319116 0.768426927137155 0.726026167164815 0.800123301017619 0.873848208214261 0.874314024509343 0.815881341077062 0.856149153055346 0.846924472706306 0.738943552869341 0.731507313536955 0.765747964112176 0.793926521801152
-9999 -9999 -9999 -9999 -9999 -9999 -9999 -9999 -9999 -9999 -9999 -9999 -9999 -9999 -9999 -9999 -9999 -9999 0.816487362727895 0.899941997084242 0.91598185355758 0.872840776353772 0.885380262576302 0.878854324482517 0.891540464449764 0.885565589621034 0.87456623281765 0.882001411900142 0.865403723510998 0.875944214286866 0.828644895374279 0.818095879784476 0.874940764831316 0.874099610524547 0.837652080130194 0.754979562303981 0.756906625108962 0.772563057454154 0.776590971833506 0.780941806318912 0.728942170261343 0.830736230698149 0.793590146419979 0.720067217642515 0.673035333791049 0.781986939822728 0.785289343646996 0.770195140314186 0.778533163170665
-9999 -9999 -9999 -9999 -9999 -9999 -9999 -9999 -9999 -9999 -9999 -9999 -9999 -9999 -9999 -9999 -9999 0.784772543947945 0.881704313946911 0.909761109513539 0.903742740611606 0.881292661131274 0.807801196875697 0.885315078490208 0.893099496236627 0.863996833602957 0.87822612697398 0.88154466149528 0.863017462400524 0.829143082097882 0.843877476718958 0.845027629019065 0.836089910098621 0.765333498311503 0.778310819582951 0.740537386505272 0.759413603049456 0.77145213003238 0.757099562362662 0.763089473721581 0.794257128926208 0.736596518808754 0.650187253019819 0.625329139439165 0.561528239610158 0.698888618499256 0.740137659046925 0.793659988356683 0.802704888072627
-9999 -9999 -9999 -9999 -9999 -9999 -9999 -9999 -9999 -9999 -9999 -9999 -9999 -9999 -9999 -9999 -9999 0.884914510047761 0.849532698094982 0.876875445764684 0.891289432790954 0.876550917213952 0.817017285416066 0.86517515739442 0.888748775324345 0.884657236478425 0.892712621045961 0.875300884075513 0.887714835806388 0.850893162215849 0.841776469015105 0.871096490569691 0.814560307085408 0.734769224638542 0.679768180442144 0.72296421749555 0.748225981583743 0.784243329059174 0.76018188197914 0.766280617794074 0.801690122377169 0.76128783047728 0.718295770998544 0.600676381586601 0.733395304759582 0.789758886933748 0.815205709335584 0.812642103611853 0.821211328285958
-9999 -9999 -9999 -9999 -9999 -9999 -9999 -9999 -9999 -9999 -9999 -9999 -9999 -9999 -9999 -9999 0.624003492044589 0.888032167019524 0.867268442458448 0.897829442250973 0.894977492468868 0.887625978574787 0.744588597297561 0.861210743660991 0.889792592937976 0.896097742069756 0.889574627848082 0.882315316061037 0.892932253012435 0.7981290415538 0.782481045133386 0.866993122338143 0.867980885709972 0.845554251678447 0.769137504568615 0.788142010746092 0.789235015506673 0.780599053604449 0.779962517312006 0.72962535960512 0.771784764504087 0.791425220253073 0.788111351197679 0.792301911963668 0.758043065921451 0.866090104886091 0.823110729050878 0.814123372199919 0.845810832994273
-9999 -9999 -9999 -9999 -9999 -9999 -9999 -9999 -9999 -9999 -9999 -9999 -9999 -9999 -9999 -9999 0.828450098509198 0.888241898117066 0.874072684373839 0.898118517435013 0.890676702428491 0.89559917797466 0.835386468301238 0.879437961675644 0.89795500856738 0.890011061507009 0.884378190661485 0.878140619544999 0.842910773976778 0.822076443181487 0.818672039802828 0.859372035658409 0.749837939958171 0.724146434857885 0.840311562831082 0.777130426458712 0.783040762905107 0.759803610151885 0.807369462947046 0.759926633061493 0.794030852173063 0.791847976627485 0.767443426220912 0.73935945670522 0.84561405772049 0.797736443379327 0.761115973802869 0.838551490020619 0.850737079250011
-9999 -9999 -9999 -9999 -9999 -9999 -9999 -9999 -9999 -9999 -9999 -9999 -9999 -9999 -9999 -9999 -9999 0.921631713151937 0.899539570303029 0.877520409203069 0.893267086504287 0.876124004028422 0.894198279762255 0.895531830683439 0.874642147561461 0.895881211070217 0.899419353305368 0.869167360042608 0.718177728221104 0.883610567148937 0.857673094939388 0.853614744590493 0.853335710141482 0.846671125585964 0.888289290878337 0.884889357997178 0.759866291680093 0.762110018855921 0.766606885627563 0.74188735591574 0.775161293570234 0.799581105228688 0.73580002044775 0.733530305618672 0.851343514783637 0.71502821795168 0.814459660544995 0.809225044233439 0.847588941133028
-9999 -9999 -9999 -9999 -9999 -9999 -9999 -9999 -9999 -9999 -9999 -9999 -9999 -9999 -9999 -9999 -9999 0.892051032312134 0.897329291343512 0.890206355392235 0.894189715810812 0.890535633112923 0.803431857118243 0.901830036409818 0.71165873695225 0.792198998356495 0.873661056809459 0.87244278976907 0.760336924392421 0.862450287858793 0.773611936886152 0.827341328762707 0.785456689111191 0.75804537356154 0.888993289711848 0.868563084214359 0.840795590174266 0.842480800898257 0.783590321619349 0.706005661554447 0.781349581167662 0.794569086836175 0.792635515333387 0.706328963938724 0.88127533709469 0.730205226718994 0.759287009563392 0.847368752895737 0.838327103152151
-9999 -9999 -9999 -9999 -9999 -9999 -9999 -9999 -9999 -9999 -9999 -9999 -9999 -9999 -9999 -9999 -9999 0.897384956818036 0.893169195676803 0.863299131657706 0.847251855255245 0.875588230439669 0.861384032413515 0.88916539728664 0.816351416099156 0.863305079510506 0.874793645185009 0.872493463875769 0.887492468440563 0.765927502988289 0.733932970816341 0.774372245662148 0.832408866385294 0.843503732245468 0.837817469492941 0.824014151108977 0.666201292765731 0.897188127146285 0.71786643280775 0.678611424280237 0.786843831838112 0.79845918461068 0.797066146339063 0.804722757652178 0.819919149500356 0.769817189595316 0.820660665548454 0.846058501792277 0.856663341795149
-9999 -9999 -9999 -9999 -9999 -9999 -9999 -9999 -9999 -9999 -9999 -9999 -9999 -9999 -9999 -9999 -9999 -9999 0.682627318946996 0.859833579751888 0.86949102760538 0.87851166379587 0.885731459608958 0.886674064787537 0.871725978444229 0.880610957012562 0.848520432057224 0.881444343027065 0.78626234761742 0.697088974936232 0.592703050334928 0.659619502166196 0.801672635563859 0.769797515300565 0.832353044229112 0.877054181467043 0.647295552899248 0.855525082098148 0.83199364527635 0.806154813702569 0.81867705579927 0.813446370501924 0.786678000687028 0.820149268909766 0.834765265738477 0.819504518088382 0.829344549549808 0.80609846276234 0.840980048471395
-9999 -9999 -9999 -9999 -9999 -9999 -9999 -9999 -9999 -9999 -9999 -9999 -9999 -9999 -9999 -9999 -9999 -9999 0.754178389103132 0.896307670920331 0.887296385601232 0.886021133065004 0.892531017209678 0.894649578544303 0.886308807162086 0.863394141721587 0.805069980083998 0.858354127626794 0.772621209998764 0.807395042032973 0.821039296571936 0.716311538045822 0.77692314463095 0.900293440561764 0.81917262603609 0.75858753883232 0.744396979890106 0.626447261901757 0.799652252044822 0.725576988273935 0.83384261113664 0.819349993216057 0.811771683058097 0.779407336477053 0.828444877851991 0.744521779930873 0.817374035742118 0.808106491528328 0.74531525491978
-9999 -9999 -9999 -9999 -9999 -9999 -9999 -9999 -9999 -9999 -9999 -9999 -9999 -9999 -9999 -9999 -9999 -9999 -9999 0.890598337236141 0.878085152580334 0.893129199133086 0.888282566487897 0.884004237110529 0.861035995100991 0.869152176077142 0.685109733835082 0.837405183156084 0.863147997730036 0.857890860342285 0.857324636691558 0.824777520464258 0.826006611099592 0.853442597696954 0.809813557504847 0.76716072006135 0.828679971413459 0.728564307502573 0.756111162718228 0.788308893107658 0.772258042127933 0.806101610818989 0.79124503151003 0.785308406770646 0.77543091366284 0.813924395791127 0.801584641830383 0.790952030395998 0.746530313970025
-9999 -9999 -9999 -9999 -9999 -9999 -9999 -9999 -9999 -9999 -9999 -9999 -9999 -9999 -9999 -9999 -9999 -9999 -9999 0.877438789678493 0.892682135576137 0.882603725719693 0.884433041841632 0.884291939100548 0.876979160893654 0.857551431554861 0.858073860225613 0.70029217190764 0.865005218648522 0.851946566288144 0.834709786547566 0.828647619607464 0.856164467323551 0.841140072068871 0.802180788798003 0.668393646902651 0.835517076386661 0.816216200097437 0.658744441456386 0.829980254485366 0.8268829500911 0.804178479467379 0.768971993811924 0.811173396701513 0.747361479366069 0.764198375450479 0.81143769506093 0.808595586480477 0.8073474826795
