Post-hoc_landscape_analyses/Environmental_files/WNV_rasters/Western_flyway_normalised.asc
NCOLS 312 
NROWS 173 
XLLCORNER -128.0000208 
YLLCORNER 18.9999684 
CELLSIZE 0.20833325 
NODATA_value -9999 
[rows 88 to 109 of 173, columns 147 to 195 of 312]
0.0412677651439809 0.0651492157521635 0.0826843221526731 0.077649318216627 0.0706175457206295 0.0571367703776633 0.0504636007694297 0.0509484499800933 0.0505121908254601 0.0481531183307257 0.0463469032959287 0.0435608195594493 0.0390749243434553 0.0304119521166142 0.0261149918552091 0.0240629441712519 0.0281925667924784 0.0172829511527729 0.0167262712411646 0.0260608048673449 0.0224085340615887 0.0168756098009467 0.023476679546478 0.0143507265801371 0.0220512795081971 0.0256919168340008 0.0365136578839403 0.0235182200499792 0.0193882334150782 0.0267295148476449 0.00841780553323885 0.0222860876230796 0.0253298302408425 0.0402076716669797 0.0363572575130794 0.0440071248803825 0.0520161179142657 0.0556186730878001 0.0430288939297019 0.0478536644058423 0.0445325494155839 0.0466511339615123 0.0433564620278783 0.0455826107006208 0.0268331591123628 0.0252961951413045 0.0373781583134115 0.0224711548177082 0.038940121990059
0.0765663374770508 0.0741199747776711 0.0795379738786523 0.0902462091958801 0.069098790661876 0.0565371842999508 0.0578378686071983 0.0402935776618854 0.037890830696494 0.0298060450514479 0.0357757931179356 0.0403468205787991 0.0224416770437325 0.0268854218032949 0.0307211368269984 0.0293588659168231 0.0183357505216041 0.0169116869808181 0.00445482352981453 0.0288608317224551 0.0175969659538438 0.00795574764474921 0.0183876847762512 0.0164340864859648 0.0182641351972318 0.0111505950910967 0.0143461760427865 0.0106062758574896 0.0177179261798948 0.0265174244994229 0.0204176404620807 0.0270835508519674 0.0340988405610061 0.0390485411308081 0.0325471825201151 0.0505448728580292 0.0614271368519028 0.0408623395652329 0.0444673860045177 0.0439178400935993 0.0469523299012864 0.0369278218627406 0.0420415409220628 0.0426852936604389 0.0255704101455444 0.0188865802839542 0.0310850397470247 0.0243406162403257 0.0191889418036649
0.0679653555909364 0.0706469794084264 0.0692539243064169 0.0707037562270189 0.0510201397663559 0.0521115564358124 0.0625160005957022 0.0445440277766531 0.0386810247186088 0.049790073617931 0.0395207726633987 0.0292822047732972 0.0253720001315999 0.0257947205126798 0.0277210183420241 0.0186185236686875 0.0114963011814531 0.0152781088995212 0.0214901889679409 0.0360035527716594 0.0305518500436393 0.00748040647054942 0.0125647442117014 0.0159791078278431 0.0074847295346364 0.0049651408303663 0.00141143423016287 0.0111239337675227 0.0155406475586995 0.0173552668033403 0.0255451150472036 0.0309742374028664 0.0295955669310308 0.0285440938040165 0.0432795223328729 0.0416881022576109 0.0515589460032959 0.0395713604819113 0.0408837121554648 0.0411553626407803 0.0448592965781857 0.0369945847096527 0.0451403603745231 0.0327952463921508 0.0286108861883058 0.0179714596856357 0.0187799946099993 0.0279559816192227 0.011295897667746
0.071028477942034 0.0798029037943671 0.0810097851439057 0.0584963616898796 0.0626677467489025 0.0495974078445401 0.0325434310815946 0.0394717368608757 0.0478497571504108 0.035806284017244 0.0283375426326074 0.0314295350132464 0.0298181036866572 0.0199759958290803 0.0155427668317472 0.0296805349644036 0.0425362209169496 0.0344279016330551 0.0446568767111427 0.0339474651141589 0.01940120850334 0.0114169208099757 0.0128877592293187 0.032040803237681 0.0154231271293584 0.0234240398119245 0.00286376262741998 0.00366449279679841 0.008327861824758 0.0223967306415192 0.0144016414760876 0.0588217559702371 0.0185392910527647 0.0328522680094462 0.0395095123041642 0.0379636749765765 0.0344840357789347 0.0400613125584513 0.0418429795925664 0.0425310719514234 0.0425958949740018 0.0391956956231712 0.0379812273740358 0.0426734319750255 0.029019473233186 0.0288826953924313 0.024469665664503 0.0213350126857569 0.0164442716349496
0.0748445917614903 0.0652471419626381 0.0741881753452931 0.0589186030113705 0.0614903496666366 0.0354264247242118 0.0444799605061497 0.0439568442674982 0.038769252233558 0.0434639708450406 0.0346377667300819 0.0345542294712485 0.0380317995857341 0.0389567588943982 0.031554938199173 0.0327726837026451 0.0324328065868881 0.0262359312941937 0.0256437505258221 0.0344650234323463 0.0397542646670951 0.048005798944484 0.0326807579517454 0.0164656240726214 0.0116493953531999 0.0087149937968875 0.0105360832970694 0.0233841631621392 0.0182990612329231 0.013373427286061 0.0171266601092997 0.0291958424531244 0.0230947489921376 0.026214079370307 0.0373575469499226 0.0376193921993163 0.0244509266189723 0.0396501148796582 0.0443254290352556 0.0419101604788726 0.0393211107488667 0.0389690176455545 0.0401795953491978 0.02300403608092 0.0167574032389977 0.0179039824729966 0.0248484171478083 0.0201480165109798 0.00973030394367307
0.0725338046532902 0.0662214310196033 0.0672947428764201 0.066594861187809 0.0517815484662818 0.0618513827109084 0.0442310316328948 0.042032476379994 0.045366887447669 0.0365620470546687 0.0378015030070862 0.0341123735305653 0.0343318774070114 0.0239829684737815 0.0131801367862084 0.0231352573446714 0.00767705612180293 0.00402922558048953 0.0219593691968122 0.00200974157239609 0.0108370219585084 0.0163087141617023 0.02023386696555 0.00888122123840335 0.0059418642570206 0.00724354754309387 0.00694943747077044 0.00966789423411624 0.0111267055572324 0.0227805043686868 0.0291369577733932 0.0262020452930834 0.0309099193620073 0.0246191982470019 0.0229971093238176 0.0220728818738927 0.0340821895663418 0.0369868436723001 0.0436616886732375 0.0420970867954294 0.0303751632597724 0.0129535314513337 0.0171262027213056 0.0303141650827814 0.0168102212012102 0.0291402088626664 0.0162169430108357 0.0152277008480189 0.0148912347135221
0.0720539944519113 0.0708898810653932 0.0727768788359593 0.0779503472705226 0.0574428840609451 0.0580786251004771 0.0523873871628796 0.0468488605546554 0.0373377529039325 0.0425817703256759 0.0410454976845375 0.0447615012886007 0.0258935735253816 0.0237667445460771 0.0194932345917636 0.0305842794146982 0.0248196494378334 0.00852050276035237 0.0077842781803204 0.00326438274458285 0.00372268912576666 0.0101832714232712 0.0114750634310592 0.00362689643018938 0.0153794990370949 0.00503550277583172 0.00646740180753261 0.0079673113212052 0.0107342213109374 0.0140904163909257 0.0213201844819506 0.0186096325381789 0.0153532168764708 0.024266239639542 0.0136004526101107 0.0271605177113467 0.0281464716216103 0.0309626153336094 0.0305415380543614 0.0365452909430679 0.0163370609649772 0.0218189875469035 0.0108449429414187 0.0156955425831882 0.0167739991136111 0.0210129831345276 0.012942752436235 0.0152326460763377 0.0255839195436441
0.0650373201726203 0.0656537929432344 0.0759844309029595 0.0696291881649638 0.0604325390934727 0.054537135049643 0.0622627653375937 0.0371913342934887 0.0445483676039383 0.0394214837390414 0.0402458251941418 0.0348784663488633 0.0177750269002574 0.0291350014898994 0.0291556830942975 0.0139960530672616 0.0143061850555675 0.00614265378331909 0.00688729941566065 0.00464474903178518 0.0142693874540712 0.0136346536063993 0.00923127580200811 0.00925246857029373 0.0131084788917531 0.0162537783751652 0.0139221715229828 0.0186247358159254 0.0143571326776487 0.0112907282021652 0.0306843082872404 0.0275800631169211 0.0152493605603586 0.0158716437462806 0.0183133869714231 0.0191557458336402 0.0254461737103927 0.0166928262542589 0.0202562016067763 0.00696403251029212 0.00898946552325186 0.00814755187128478 0.0140282652833115 0.0217933272726765 0.00937015881187693 0.00371368431845525 0.0160097823587234 0.00471822963610051 0.0236247807690876
0.083406202785132 0.0750560647195769 0.0739971192500535 0.0735266174224904 0.0636951150105453 0.0496053486583622 0.0576440018965613 0.052319328337082 0.0365258947388982 0.0384782712199429 0.0248862881855211 0.017421041942324 0.00917553781282238 0.0102125169785148 0.0205302431645427 0.0187245184774405 0.0168861304290251 0.00425566894540814 0.00255527815905553 0.00607436955433267 0 0.00353630843842989 0.00837147761682584 0.0113997040121255 0.00895411128483956 0.0123714294308861 0.0101249342227544 0.0154319076241624 0.00287287337758747 0.00388825754155341 0.0189559181049961 0.00706167368256948 0.0173156048543415 0.00965115988269961 0.00951131176292524 0.026064481231216 0.0254875177718254 0.021778639739901 0.0314461719929492 0.011131567768887 0.0117855721099481 0.0095138646085213 0.0131087084669932 0.00593783319311853 0.00395419948860474 0.0246972320064737 0.0148633919773717 0.0201546224778148 0.022601444319682
0.0908663042115576 0.0890030631816098 0.0815879222948325 0.0786583804893407 0.0648818421748036 0.0509289806500137 0.0549220028372121 0.0477867859237873 0.043528679425321 0.0478977796596511 0.0340151321914352 0.0217250460822967 0.0192654965616623 0.0205490173598755 0.0241489454159476 0.0242351560944971 0.0283097941249183 0.00724993037522275 0.0104840118855767 0.00760625872007809 0.00855904048956298 0.00559135434871706 0.0176880120007179 0.00632269225331262 0.00890887341739951 0.0132145666374055 0.0122487894616237 0.0281699335126884 0.0132523728863258 0.00926184484178539 0.0144479432985416 0.00857389963123626 0.0284743569963973 0.0156984884229465 0.0139871311039359 0.0178943448289705 0.0209603346155347 0.0132410580602734 0.00756096905454495 0.00599411321738843 0.0115664166125431 0.0123072191162528 0.0163241869318563 0.00672092653449158 0.00343707440836007 0.0145390856673969 0.0103440900748422 0.0156978496087855 0.0136340722068049
0.0964376424986157 0.0714470124795642 0.101941592754065 0.0767499257073098 0.0632851578283687 0.0596981775525532 0.0469580838176172 0.0355162125347404 0.0398846288595375 0.0203822426687339 0.0358138856570674 0.0252287363131783 0.025144555195369 0.0297315568377847 0.017888977693088 0.0213408819355191 0.0165514692625038 0.0148706900299341 0.0125570604121163 0.010779261014582 0.00871178874214122 0.00586191318953326 0.0130475260223226 0.00826611977541741 0.00394079067925382 0.0163012183795194 0.0151402349536888 0.0120029151991805 0.0037425322461218 0.0092348590154582 0.00230079548712745 0.00265919761678897 0.0108944396489961 0.0160709281435217 0.0164212052569538 0.0251774172775754 0.010316614459215 0.0141811046959375 0.0100010994704294 0.0174836403860567 0.0101857502412544 0.011545086453317 0.0111193292824891 0.00480099045296706 0.00256865872207922 0.00393376250369744 0.0108666374504604 0.00493882652105067 0.0110473753061627
0.0760753463858669 0.0772357732858323 0.0837653336928426 0.073524189506474 0.0592307523276198 0.0481141988568103 0.0361778979270071 0.0443329114312676 0.0276734786950875 0.0346533280409642 0.0213501432608041 0.025205909596229 0.0214419396055168 0.0198848103609834 0.0191383982904863 0.0161328146349268 0.0161136916983789 0.0155713364489632 0.00111068324564208 0.00416985576951618 0 0.00413529902313623 0.00589488170148666 0.0120504594562525 0.00141330253452977 0.00771942571252202 0.0180612284870352 0.0152854580158542 0.0140762743646776 0.00373630255367925 0.0156994430796913 0.0230067038579644 0.00607563340478459 0.00438522122707235 0.0118463416829442 0.0100019518400727 0.00559493517110937 0.00520530515580811 0.00832757710594472 0.00469611011270817 0.0110191619992985 0.0184752060455346 0.00738832568571289 0.00180986615176725 0.00659714278598067 0.00369810922610392 0.00924155284911452 0.00251338262538434 0.00594861631658504
0.0825086434933015 0.0780027470815568 0.0749649286561447 0.0614724192955201 0.0661180385907098 0.0644555733519251 0.0425083488729189 0.0342876165450469 0.069522270821837 0.0224724820472059 0.00940324987637174 0.0127037711178597 0.00649380877900603 0.0059048679175808 0.00314705469970857 0.00406859324201646 0.00477845263051048 0.0128300663735486 0.00871439990501408 0.00596760255442483 0.00648270907807011 0.008157478233747 0.00595438129101239 0.0117315057792702 0.0263762264803694 0 0.00823576821431937 0.00783713106929526 0.00938863775514868 0.0206250033230303 0.0201667030871814 0.0176158011621923 0.00162865246237234 0.00489375062569588 0.0176301194222387 0.00682892561434271 0 0.00339446157303953 0.00432800177262503 0.0131091980173376 0.00180203336537856 0.0159027771399337 0.0056843269815356 0.00309155336848262 0.0055943346450556 0.00409905300959951 0.0144025309544496 0.00949618704965881 0.0100062702719847
0.084365018763655 0.0630531990851756 0.0544087404091467 0.0503215563816571 0.0467378862548102 0.0375954683136801 0.0491537622244207 0.0464097094160105 0.0355719310617557 0.0188667487046075 0.0291008210190309 0.0284770524167036 0.00950143996276909 0.00316081877977959 0.0114311533932145 0.0142240125313165 0.017486223014738 0.0076537402716221 0 0.00885747972849929 0.0113687492457366 0.0084332467887356 0.00553310121121174 0.0111061967151178 0.0145332735141507 0.0124329879133683 0.00207988434574138 0.00628912439260766 0.0056320440822811 0.0191630165251343 0.0224115137386335 0.032078350461871 0.00539967840667403 0.0086941211436877 0.00269417575462574 0 0.0128205339539312 0.0126409655155317 0.0144987038003487 0.00617665384233095 0.0115832880715153 0.0152374444824052 0.00205854878001657 0 0.00162202181676804 0.00151906641942773 0.00376275069263239 0 0.00366585796076532
0.086566251580522 0.0748552367093981 0.0691481679654568 0.0686198444358932 0.0495949457966861 0.0472988700530234 0.0416248157214836 0.0465348526712872 0.0471240639094582 0.0409200325923373 0.0350331969551301 0.0410204502551557 0.0304322538255503 0.0145346204295415 0.00824686920279968 0.0117805242964342 0.0166879308209253 0.0109888704342862 0.00479729919211286 0.0109954939973944 0 0.0173937115020275 0.0100164916148006 0.0054707808174846 0.00860946947628016 0.0109821424236044 0.00128991245691238 0 0.00331822768132272 0.0141207057724051 0.0120603937836376 0.0124204143554641 0.00602529763515706 0.0140996813922744 0.00640807743172452 0 0.0012526421835795 0.0017210231083057 0.00775215966053554 0 0.00597357934831973 0.0132629474916585 0.00795946440452936 0.00257334651322657 0.00355518493436464 0.000707546273231696 0 0 0.00378069117921727
0.0888333550118039 0.0719131194429152 0.049776954490711 0.0787681671797147 0.0724624673654878 0.0622361651951481 0.0531121608554381 0.0475142805051601 0.0425200454507159 0.0369622233881721 0.0454205431222322 0.0344599287811341 0.0295662444975658 0.0199803239634924 0.033934187031717 0.0175056724839346 0.0143058262739144 0.015487157327949 0.00545013385411276 0 0.00414546156775014 0.00816208527630609 0.0250633825849654 0.0155809009183869 0.00231791744491225 0.0130086657352572 0.00608585671867431 0.00595993101710919 0 0.0243641153440246 0.00160677477690042 0.0132474889751167 0.0185526878501232 0.0280063451275568 0 0.00122062352625998 0.00146229334984546 0.00787865125239713 0 0 0.00236436206078147 0.00625051492804495 0.0223504800840583 0 0 0.00248773094993878 0 0.0125304501625342 0.00491485017169015
0.0823218841735386 0.0596775609828801 0.067664600702111 0.0636964243731995 0.0473313982326493 0.0515792257954327 0.0515646393124733 0.0380879627000132 0.0381657235049649 0.0446615421271601 0.0325941350292134 0.0282740057375694 0.0449096642447367 0.0148508810462618 0.00392421105634093 0.0115092124378842 0.0129506614162601 0.021487310399105 0.00798799979749887 0.00608271504888022 0.00480466403828 0.00218597416083515 0.010699999880337 0.0203185577770895 0.0339946008255829 0.0320969641468679 0.00695414290725001 0.005919447511505 0.0156386030754728 0.0107971280063771 0.0148198376129289 0.0161047448714325 0.016587053625855 0.0230680817553109 0.00482660647540279 0.00155750655989285 0 0 0 0.00131248501283532 0.00269786852089973 0.00752942441328412 0.0203721238585243 0.00831696364252434 0 0.000869123518007982 0.00333566678641466 0 0.00398166866156112
0.0734038081545706 0.0809851145621802 0.0700542211403072 0.0636812577380272 0.0555372833935074 0.0436593298435525 0.046541743779187 0.0249718690015501 0.0402421348034157 0.0321214666509206 0.0237634707757643 0.0206032200857272 0.0330384271239173 0.0166785787460971 0.00375264133198829 0.00881042414262722 0.0114104424202434 0.0142357636613601 0.0114632821134367 0.0088341233227938 0.00619622074011202 0.00621767046159527 0.00337364671874663 0.0015161371835185 0.00237993623367093 0.0250747069244774 0.0157828467391705 0.0135742098051893 0.0086849144067259 0.019127363900725 0.0181999396345982 0.0272243252840203 0.0229882737086696 0.0111374413477551 0 0.00238595001728196 0.00341655755515021 0 0 0 0 0 0.00679182386077851 0.0165618985809459 0 0 0.00415629077106547 0.00242004716527362 0.00292458649159166
0.0768776538752555 0.072116967576911 0.0657913798275914 0.0570311115962198 0.0613273688845801 0.0434480315723952 0.0454797619936435 0.0379763652519566 0.0305700733782351 0.0409984265862248 0.0341025845639933 0.0248050258889714 0.0180987275732449 0.0147746645608696 0.0143932606419875 0.00800700320376431 0.0156611061645443 0.00909289778711727 0.0069549610524258 0.00719857322830317 0.00839639458055034 0.00244569477012564 0.00286095798974595 0.00382560240108196 0.00180168776455894 0.0235709992455256 0.00468461364413352 0.0209413992990535 0.0116622672649121 0.0136738951408664 0.0162218018552167 0.0346999599411503 0.0179947266062901 0.0133362426884569 0.00281865208439734 0.00219623599657894 0.000669384657804923 0.00200248640446535 0.0065072406106045 0 0 0 0.00427363855762242 0.00237373935490332 0.00242002363125805 0.0035192458759859 0 0 0
0.0724044311902148 0.0702397495941784 0.0730332788717354 0.053119720936779 0.0490802492758853 0.0418794623409019 0.0275744199185986 0.0419043844799793 0.037018578872027 0.0345439074679041 0.0288379387517593 0.0302968471465388 0.0202033030972525 0.0178364065057876 0.00596312819653709 0.0115250002122924 0.014672726927365 0.0278214922632348 0.0134182967977228 0.0143886242675205 0.00257060575784296 0.00252427600155747 0.00570727916887803 0.00132149868064742 0.0152885617438888 0.0150637207446852 0.0107130748430613 0.0162564507386462 0.0149305226518361 0.0197680335094031 0.0128258558280025 0.0209599060309216 0.0120184280982413 0.00676556516015095 0.00165360030443119 0.00395283096695364 0 0 0 0 0.00210737144880266 0 0.00128315797264788 0.00116932374767095 0.00491572962124272 0.00541556766334484 0.0157055908889694 0.00753153040959338 0.00407945642499294
0.076811131854703 0.0596018892864815 0.0587991850004488 0.0601859908842068 0.0508142484174023 0.0520985972181899 0.0438441143042144 0.0435303016101721 0.0265626811806445 0.0410383199417648 0.0458363013255363 0.0375282833548934 0.034014469312586 0.028430651718253 0.0187912811674313 0.0135775178677902 0.00834603733227133 0.0335719943407158 0.0226773437998343 0.013861168949276 0.0065382526820001 0.010342517974673 0.00412147795373642 0.00236434456314234 0.00320924147251096 0.0225286779445976 0.020067193564285 0.0103356657960285 0.0193202465811457 0.0190538761177365 0.0205717229525507 0.00512061662167042 0.00204046832845165 0.00736895376438516 0 0.00127754830394045 0 0 0 0 0 0.00490833807127815 0.004373935476783 0 0.00657265256665927 0.0110466733277695 0 0.0192786650872986 0.00328423004979498
0.0832004353833777 0.0748131545291961 0.0573122333576172 0.0560340887609111 0.0586555265969944 0.0372873852449575 0.041696677715255 0.0288332697363935 0.0313326802173365 0.045273057823868 0.0279273967573231 0.0384573031298111 0.0186778809849565 0.0302065989750207 0.0183762490718913 0.0254763095553056 0.0140924427114556 0.0132814637409922 0.0189879812668194 0.0102761116146989 0.0219664332004422 0 0.0100667612173773 0.00868272232510903 0.00621729362185509 0.0130158240215062 0.0104911890000414 0.0104582475654853 0.0187503700453754 0.011658587842699 0.0175035849784854 0.0034109982141033 0.00405037150864561 0 0 0 0 0.00135583489494867 0 0 0 0 0 0 0.00659917562138862 0.0022382072978642 0 0 0.00387401473728197
