Post-hoc_landscape_analyses/Environmental_files/WNV_rasters/Western_flyway_normalised.asc
NCOLS 312 
NROWS 173 
XLLCORNER -128.0000208 
YLLCORNER 18.9999684 
CELLSIZE 0.20833325 
NODATA_value -9999 
[rows 66 to 87 of 173, columns 147 to 195 of 312]
0.11122587927173 0.101102352794439 0.0994279872533602 0.0742750580922633 0.0722499355379393 0.0678806769575367 0.0620181492409219 0.08469440192885 0.0624610102399583 0.0508235385977491 0.059936065998934 0.0393165345869177 0.0493670795205339 0.0598438643036506 0.0493412834260313 0.0521494365485862 0.0442687242627824 0.038923466708259 0.0454303878739797 0.0453974712063251 0.0597122302600657 0.0616638560518818 0.0654992763683142 0.0602375071703937 0.0599911128081693 0.0670299564241698 0.0673529780730352 0.0583416103174819 0.0548648135225573 0.0632876132077375 0.067154778119931 0.0576795236490587 0.0552096592783986 0.0527339636626777 0.0631092956083828 0.0649425772949747 0.0568697267277844 0.0579125664971706 0.0560351354332216 0.0532480434119374 0.0668743331570674 0.0443181577434261 0.0634097485109149 0.0703329219053616 0.0626220404995493 0.0629416901430316 0.0671785048905456 0.0588694860620477 0.0700752498121856
0.0869097681796049 0.108780900715104 0.10273735034237 0.0818448574714596 0.0789193676986109 0.0731026521816615 0.0668993843503092 0.0737803226092911 0.0639169239894607 0.041424628238342 0.055983994766114 0.0590454927449825 0.0534459869771721 0.0360195550217947 0.0574140895653103 0.0564542347052487 0.0440380277936835 0.0589162478665399 0.0584732307100125 0.0515289748808649 0.0540288361586401 0.0494651396232783 0.0568150617205702 0.0527488779670488 0.0547479551752481 0.0651328750483306 0.0589005203889735 0.0583998831627369 0.0581494972552523 0.0559055004679598 0.0606946905796528 0.0576104497312529 0.0578350511639181 0.060974907976223 0.057365614876248 0.0585765168408927 0.0577002572870613 0.0573229584596822 0.0551681656277304 0.0588061898029435 0.0494706147402809 0.0561859958199776 0.0527281032416615 0.0610395708893238 0.0444678764360918 0.0592668306059926 0.0674652341358917 0.0640233280546778 0.0630052726125083
0.0827503105701567 0.0901986601158946 0.0970945128368968 0.086921320447653 0.0940403625270118 0.0775276428409546 0.0730987502548437 0.067301068368254 0.070719083851955 0.0585284547098451 0.0547957891578418 0.0560796821211495 0.0600211611203107 0.0522357750802021 0.0636901681735541 0.0527720220297377 0.0494756538969339 0.0467627701722139 0.0446968300466942 0.0464306756848217 0.0467237501652822 0.0499619775909407 0.0428661164883889 0.0657450176566713 0.0646365084925933 0.0604847057325073 0.0549330711997623 0.0555960174967497 0.0564653497467857 0.0759110253309898 0.0633653229270612 0.0695956827010203 0.0570745936342274 0.0620987152316164 0.0578733782302594 0.0581614586270357 0.0586545019194285 0.0576009780167474 0.0622338942221491 0.0553951748616325 0.0538391488036647 0.0652667333586514 0.0494845785028118 0.0570252617519011 0.047187285728391 0.0577513656206765 0.068664658751331 0.0651090686202431 0.072152458934964
0.0852600669412576 0.0911503807418718 0.0923917126911661 0.0807600567337936 0.0923931630312685 0.0764241636995421 0.08075024534937 0.0718597104882761 0.0599540428112265 0.0436798619625274 0.0591677440449212 0.0666307044594853 0.0633368502359993 0.0732926129290567 0.0608558597706148 0.0446689857515176 0.0465905182216764 0.0397955561645255 0.0500155577650533 0.0513020890627863 0.0451045248560539 0.0314957425026909 0.0510053688398691 0.0555920124595198 0.0807735014829654 0.0612832520306914 0.0598686424084654 0.0483081427870187 0.0635913708026844 0.0721759531508837 0.0601243134030518 0.0736957073463396 0.0574256812272796 0.0520796423210357 0.0550760641448661 0.0619163457708493 0.0616483730208588 0.0598829690129488 0.0642441794338075 0.0550584878935595 0.0641426271566983 0.0533801795557254 0.0607416908115643 0.0708105233949261 0.0602294410501187 0.0582190713319488 0.0732408162328292 0.0762726575168596 0.0660084529162088
0.0998616712638254 0.0939561797675888 0.0893572031785819 0.0763156458987498 0.0905406221409053 0.0837362361750481 0.0841975105737322 0.0695608015419128 0.068718600638216 0.0579395626897102 0.0617626778071943 0.0544230151331328 0.0588613977364922 0.0559629166050199 0.0511847341135247 0.0503113211198069 0.0482671896231207 0.0500006760847002 0.0429747645321658 0.0485759995695876 0.0398376867427894 0.0363963817322845 0.0378004236806246 0.0523925443577345 0.0582478180986815 0.0596659147092127 0.0585970007386348 0.0673145154165562 0.0791124470711795 0.0580881640236186 0.0655929041825796 0.0557257804513784 0.0504779916461626 0.0620632885749828 0.0630896415803877 0.0692573268503094 0.071110777613133 0.0675677446302356 0.0634575592183793 0.0639391720331998 0.0607673742030647 0.0998127300045312 0.0723186503894598 0.0644650979260628 0.075741438451899 0.066557366879541 0.0650500362623741 0.079651572242583 0.0560823375519269
0.098734651795053 0.082476135060681 0.0868996897433441 0.0847063505608774 0.0849828825908183 0.0874485226865742 0.0766266521244958 0.0700319261351719 0.074806276697619 0.0786764490599704 0.0786088055752237 0.0690219700863732 0.0606102902619576 0.0567566513319418 0.0540110100792212 0.0454142994978576 0.0476810039045898 0.0595161316278338 0.0532385851698148 0.0528333065500073 0.0491380196757882 0.0431782101382959 0.0467568717256871 0.0517868474400433 0.0614780245680584 0.0570255999248556 0.0548853166492752 0.0685416220819696 0.0769540272145931 0.0567682729417905 0.062355832080909 0.0607400518216393 0.0521677158097243 0.0556442969465878 0.0672466777255417 0.0689805562340429 0.0809378751323707 0.0678941564627531 0.0636189091871374 0.0768155092522126 0.0714559632201754 0.0651623778917032 0.0777552529792025 0.0571446243277773 0.0571659773427966 0.065190575374266 0.0656748650228077 0.063721826295729 0.0593064338058972
0.098013083674816 0.0937399275841542 0.0947716918464058 0.0790439122395827 0.0916137304625597 0.0814742316525459 0.079056201731933 0.0822032190473017 0.0635226066986412 0.0794760252709582 0.0707235005403643 0.0502639426743314 0.0502896832448976 0.0592652088943431 0.0576905540524514 0.0512261355024485 0.0535550130560444 0.0465171464908078 0.0557693964913553 0.0557451687330552 0.046022222816727 0.0374780823611664 0.0420241853192146 0.0619508406529396 0.0782324593244504 0.0599074733238692 0.0519965827097841 0.0673753882212775 0.0762106691828058 0.0626092664720954 0.0540423152297378 0.0525894369160949 0.0572855321150152 0.0716742733645972 0.0569773797948149 0.0605958508318988 0.0575073022012938 0.0618911598355907 0.0610060258930185 0.0635318747550036 0.065954208347223 0.060974999157804 0.0619638469582148 0.0703217547492768 0.063605418401784 0.0598012270565697 0.0730009295728925 0.0574047819976533 0.0546521152988682
0.0870929710024537 0.0878015483256589 0.0903702896273577 0.0852888595460216 0.0834800950690226 0.0861204855188111 0.0764310017975384 0.0640816086579109 0.0509277570337065 0.0731106054450846 0.0653296044925069 0.0638487372177599 0.0684103054490715 0.0609957266992116 0.059534877653597 0.0561790424723261 0.0611643682308963 0.0564205388783196 0.0589570862993346 0.0622828863053714 0.0568844644645397 0.0431276705666585 0.0521288913100056 0.0435155296994849 0.061871262486416 0.064349173571358 0.0663603734837677 0.0568666099894949 0.0577359285499783 0.0889507593370869 0.0550724339854727 0.0525298951389409 0.0656527643983979 0.0690488635239634 0.063779422809296 0.0595113499887915 0.0714638171312907 0.0672959813973945 0.0636776013069107 0.0573666180184878 0.0680261042947509 0.0630510111570186 0.0592725566661977 0.0638472101291439 0.0688620064006795 0.0685881720474502 0.0709748628703033 0.0596564336070297 0.0579335560351
0.0956354966149025 0.0878461105485266 0.0867862512035825 0.0891190054414307 0.0932539571131012 0.0842227657975341 0.0785271307828139 0.0582863661557711 0.0647214968269196 0.057369150881718 0.0547411405577254 0.0500288766901372 0.0682448472971913 0.0604679720366088 0.0520105706588895 0.0489708847200173 0.0481178629138603 0.0613249057980447 0.0484786933943392 0.066203498549204 0.0542194159297325 0.0619186842451584 0.0579623480588286 0.059199212775082 0.0479327840754127 0.0587960787192496 0.0575987505511062 0.0566390574179005 0.0565180990276407 0.0483413571595944 0.077618783208677 0.0615409494772907 0.0629701731321304 0.0577017774656615 0.0630161322033836 0.0624974171129929 0.0637343855161098 0.0820458348578084 0.0601752060188594 0.0697592578050409 0.0572408163872045 0.0578670731899649 0.0588839186930789 0.0630695627247197 0.0488256283663394 0.0611378581292734 0.0563830009186496 0.0537873438034993 0.0644226965249124
0.0965674318037135 0.0827388590261096 0.0931091612303372 0.0756624060751856 0.0859989526691859 0.0657298192506274 0.073959911640513 0.054320647389845 0.0555470059238452 0.0627351184537917 0.0522407903567426 0.0500461361052538 0.0567126026570119 0.0443420913572849 0.050670767868549 0.0512603690965606 0.0606916208067107 0.0714373100378105 0.0546637062729864 0.0769760496896503 0.0688616369872977 0.0704284209922511 0.0561217250536873 0.0328699055853666 0.04957183666136 0.0839836015436695 0.07064313053278 0.0687455155437734 0.067851237638001 0.0675281272931582 0.0476354667872944 0.0567736372546658 0.0524542588801489 0.0624281587625729 0.0669965152999126 0.0562986589096246 0.0654416507142155 0.0674969400960343 0.0708669480074466 0.0588105365598437 0.0596258129859356 0.0614169716850166 0.0595862257226593 0.0630680347877064 0.0635285124909553 0.0565204242144515 0.0633667402789911 0.0644484422881564 0.0663585253255127
0.0881819388370927 0.0676276730360964 0.0835350402110773 0.0966029499014466 0.0863842323574856 0.0791982587714765 0.0718012300375152 0.0572291987190051 0.0617281360710519 0.0637379225015151 0.0476066197634459 0.0502590763746148 0.0464866819477783 0.0529707394289216 0.0572359585295126 0.0542502569536137 0.0575608388546999 0.073873925146673 0.079889047312245 0.0703043079173955 0.0630244025852323 0.0614217404183128 0.0637179287012172 0.0249090114038798 0.0382253705117996 0.0552230545011313 0.0689710994482917 0.0605413094821612 0.0634847442860734 0.0579346527191411 0.0448623117196401 0.0434701308091328 0.045393515290582 0.0594898449193914 0.0593538082967888 0.0581189129580673 0.0600542707208931 0.0547607829541833 0.055241169633224 0.0604691809266082 0.0543214140851698 0.0597079573661705 0.0523051599903329 0.0724182287992293 0.0700458441572224 0.0667833172856516 0.0644872612011386 0.0662861915501847 0.0653982721392232
0.068488468905547 0.0895220246657437 0.100099164538518 0.0917864089471603 0.0826889914906694 0.0783193021687218 0.0726622510291011 0.0642036698969744 0.0567081095318722 0.0592179029380862 0.0484412409350434 0.0483006400515725 0.057211046166362 0.0554678089503099 0.0558767225226847 0.0434761918546676 0.0514236360518278 0.0484964276584534 0.0582788695192918 0.051544456228483 0.0457756216255378 0.05476024740022 0.0562375845755001 0.0391243372459841 0.0312959589562199 0.0392255573518476 0.0331893065982136 0.0280840341008975 0.0406749622871014 0.0391864407110154 0.0470311662247801 0.0594607290142129 0.0652227779014811 0.0658363828865186 0.0644440392766721 0.0666311644870299 0.0662239864469725 0.0595013801025395 0.0671745920792019 0.0637148767215601 0.0567379447090765 0.0703551560672799 0.0597640896681876 0.0646081915515268 0.0640460539808349 0.0625999318088952 0.0620361172989722 0.0696111447482763 0.0627167592093797
0.0939446928723741 0.0850969008021213 0.0821301349991652 0.0989128154341216 0.0964544367818956 0.0931701757290452 0.0639658131006313 0.0723726499681983 0.0671064587160758 0.0655272428793238 0.0535697374410126 0.0415544613229741 0.0589150521650716 0.0530193566019915 0.0598396850655178 0.0632305157656303 0.0535120327627347 0.0408184074792194 0.0586974656490955 0.0412340027888529 0.041857425241641 0.0293745198286133 0.0513127607689628 0.0123339393825064 0.0149413893426957 0.0129053520359778 0.0454851617427414 0.0182257850363074 0.033288395009883 0.0414412384033758 0.0461442806832667 0.0479453800162112 0.038997904195415 0.0319159804765342 0.0478219112630745 0.0611052920329701 0.0687218452240503 0.0689877052390161 0.0628487711010121 0.0681635852391965 0.0627128237092961 0.04473213571262 0.0527290317473264 0.0669521466139822 0.0612162837967102 0.0610462060628814 0.0616641735626723 0.0577905530390335 0.0677932105240314
0.0830096382913995 0.0847788918933126 0.10011442543852 0.0900350612728229 0.114882932255066 0.0746699501959311 0.0753199566815371 0.090895756805281 0.073251434747293 0.0675126918299401 0.0586829978161952 0.0479336886810073 0.0513408132159485 0.0539780635830815 0.0546947753038705 0.0494069690224078 0.0558149632454904 0.044832887942435 0.0340875343336695 0.0403559801930326 0.0289421479932866 0.0476724038059701 0.0450431612245257 0.0335302878191564 0.00506071000432245 0.0140464978234653 0.0259592244843119 0.019453325256695 0.0320985145850443 0.0306701163052716 0.045183958745639 0.0266057888851983 0.0173128975936753 0.0375257667590546 0.0535517892592064 0.0658210444835769 0.0557013241949424 0.0654668861303224 0.0675297006001987 0.0574415970699271 0.0439524680949286 0.0531187404741567 0.0593170106284447 0.0536020703174953 0.0592171943808275 0.0615310414927767 0.0681351277880025 0.0626688711270224 0.0459243962492269
0.0836734270432777 0.102746048669599 0.110700490050842 0.0946554934051937 0.0887679606100272 0.0727233800002872 0.0610995020157405 0.0579459771242491 0.0703665021044652 0.0643900917101094 0.0559063653210351 0.0605650129039607 0.0430972610416882 0.0521221781391 0.0524026631990293 0.0469365485523758 0.0526925795055633 0.0443025169375105 0.0242090293009315 0.0271961745595319 0.0469924099811475 0.0417292449453736 0.0302558798075068 0.0278160039190212 0.0236034688785928 0.00711810501803034 0.0130876858341604 0.0213428884498267 0.0153831360064736 0.0198692727557927 0.0207706290184418 0.0136911109950539 0.0199214494713603 0.023593422631764 0.0589962219815066 0.0510693766620935 0.0685185823076738 0.0627334281048029 0.0527177621017009 0.0596124450530791 0.0556969286899296 0.0638203416542369 0.0630766956464444 0.0523321833942465 0.0574187935580473 0.0584142412578061 0.0718452093748494 0.0601166425972818 0.0588500506657742
0.076744900251322 0.0760544380241512 0.0868132083677589 0.0935453583834088 0.0846765347372375 0.0796717576311465 0.0540736967207323 0.053061944400785 0.0657569318252978 0.0703171351168613 0.0591207343543143 0.0550616596576498 0.0533693464683175 0.0511744889524158 0.0513536603420794 0.055458703711731 0.0404769809533369 0.0425136700383006 0.0254813362516833 0.0199937680137554 0.0331164760376769 0.0353297151127659 0.0338480563236974 0.0271424992203625 0.0105946949709722 0.0229314118335219 0.0167559254231735 0.0256099664544875 0.0261876498597365 0.0216451304289249 0.011768011918212 0.00667174694756685 0.00789547167066543 0.00561802494674791 0.0295866457583205 0.0504807232883722 0.0515509482644083 0.0548861982959653 0.0642970178075413 0.056898945294043 0.0493319507629235 0.0521205919639584 0.050263075555509 0.0575386370847131 0.0570063712292055 0.0540156386574139 0.0581530888570955 0.0607975345952254 0.0489191012205658
0.0837083190322182 0.0951413545067696 0.091894937372832 0.0928512511708372 0.0811334168755347 0.0642169055968533 0.069924626309707 0.0512803877149335 0.0643215129087777 0.0538745357766669 0.0524506700723628 0.0549680571067747 0.0517130942027662 0.0497299461546635 0.0459664075867827 0.0373759784829881 0.0367150279863719 0.0303554337874484 0.0214447913714328 0.0274854029341202 0.0397008794111471 0.0382030287165546 0.0199066488301811 0.00902837519094429 0.0206846720339056 0.0248818116952023 0.0130234561457807 0.0088163738286315 0.0195792775477516 0.0243029666113806 0.00603144874554187 0.0057471187549366 0.00570182341397945 0.0120759477973246 0.0256844265706073 0.0441237648407631 0.0451783767490458 0.0363889011638129 0.0475485404192307 0.0524375988601356 0.0483488631310389 0.0518731340460204 0.0557983610391679 0.0575648580356279 0.0544884473835205 0.0532338596569442 0.0560244920116994 0.0568771192236013 0.0601333069983785
0.073282115777934 0.0951911411412616 0.100607825308824 0.0858077369734815 0.0763316874127726 0.0564631253828738 0.0681059747000746 0.0566301867484222 0.0581976125989526 0.0601853935211491 0.056023571488825 0.0608688798675538 0.0566029956995759 0.0551147877643274 0.0522393026201732 0.0366975418723252 0.0355608747135005 0.0309121669980984 0.0243669818671931 0.0170482808282429 0.0173522331358564 0.0301107942985529 0.0289277838490584 0.0167486782669754 0.0171674103397754 0.023700561405515 0.0132845155705805 0.0120312189720455 0.0152014734643751 0.0197338470033145 0.0155348170575766 0.0268603412038866 0.0133910074354986 0.013245219087844 0.0260913499099987 0.0304197556949934 0.051370755050068 0.0400690174439508 0.024411048834829 0.0293946787887914 0.0350511126785171 0.0330785822362971 0.037446091179352 0.0222027370617717 0.0392975394182684 0.053541644110131 0.0559954738874134 0.0494745195857215 0.0510492853770604
0.071581740641967 0.0689276441810515 0.0963076949122966 0.0911021782948777 0.0869731338992867 0.0635620227849099 0.0648222910714887 0.0617671023186055 0.0614479307040084 0.0513110346224083 0.0528186550156591 0.0504075233362403 0.0577023796582343 0.0611847114030945 0.0566778074125789 0.0487652789152816 0.0363896663512485 0.0282995611061421 0.00528523796521222 0.0197671249212504 0.0186650158405209 0.0120546808189429 0.0154200470533813 0.017882444688202 0.0169966379764672 0.0134368386149962 0.00902623033503416 0.0165037325102441 0.0186183748466659 0.00741960988318934 0.00892693651208939 0.0182891622142552 0.0108521807942282 0.035466669787374 0.037861736041924 0.0328818813814649 0.0443538601438502 0.0393859555462368 0.0449802605012928 0.0404112403341115 0.0367028283640125 0.0309115506515901 0.0143414859006937 0.0352118595900351 0.0314109856936774 0.0397716292661689 0.0486156126049498 0.0460721618206935 0.0507101867440492
0.0521334166541782 0.052556235971555 0.0824272319156713 0.0797031573418868 0.0742744263142512 0.0622008279907195 0.0493542970424342 0.0606596103541117 0.0495333436874869 0.0549593297270138 0.0546146160494522 0.0620353474963442 0.042224681768052 0.0439114537470242 0.0401320061260033 0.0272906064147126 0.0375523933230586 0.0318226669926093 0.0201568157650844 0.0209827457339508 0.0260269481823195 0.0207234132250609 0.0226499358402718 0.0142216447839727 0.0240503137959633 0.0143306663680722 0.00906287198512173 0.0228122189430839 0.00919945960583947 0.0088785048187991 0.0128727490556125 0.0416875083430094 0.0202894948340212 0.0209292574669381 0.0295038543317412 0.0403372420089132 0.0459752240150795 0.0410606402236466 0.0399735149560504 0.0458460842402014 0.0484305674476706 0.0456193235982275 0.0295840588030212 0.0353234629732267 0.045321357579106 0.0291982354376907 0.0190863248202003 0.0358050299626117 0.0394380660115373
0.0632021364359777 0.0708297274289207 0.0877611051033014 0.0789128524086745 0.0768661425953343 0.0574705479422837 0.0531263362298063 0.0570048637214773 0.0412912468169092 0.0540585692975774 0.045774470687314 0.0493472198524671 0.040944572800734 0.0383958239108033 0.0222985057390056 0.0298359564769964 0.0275162095055932 0.0298012312331583 0.0297917981503602 0.0197743949989888 0.0204020146318627 0.0234831795801626 0.0189757498502218 0.018880561792201 0.0251130192988094 0.0202696223688018 0.0216834961561427 0.00829747587925964 0.0058631234058293 0.00578889103126969 0.022296642558703 0.0219929107929625 0.0139236079794851 0.0255691523319412 0.0349890605248413 0.0422680253346605 0.0610675181899088 0.0493075425585216 0.0575578450189839 0.0457745652715394 0.0490757450682012 0.0412320848627409 0.0408632893259192 0.0257871295063126 0.0273906522729114 0.0409382127369239 0.0370227433700223 0.0335323309688823 0.0317874015494493
0.0396982309982099 0.0571332918033343 0.0711996969947922 0.0859248813496992 0.061682620744127 0.0477144375609912 0.044434661696255 0.0572629564179908 0.0512551290257525 0.0601916503782321 0.0445650085717858 0.0565185823677252 0.0394015361467842 0.0230012764754494 0.0273807637756594 0.0265448938512823 0.0257331603088437 0.0152252716175696 0.0170106566405084 0.0186759829204361 0.0235218746928276 0.00835169851090212 0.0107177093356149 0.0138037204088304 0.0135357044523444 0.0155709989687041 0.0228286434908057 0.0252234987687063 0.0113859680486809 0.00970334497497585 0.00652944188328297 0.0154039041830797 0.019493631895115 0.039311203890052 0.0487373741515621 0.0530687853024966 0.0609232808600876 0.0545137627275982 0.0524934748008835 0.0467433971820393 0.0458436224920416 0.0497211455241382 0.0514522100258773 0.0371815179011675 0.0314225162705272 0.0246896996804472 0.0387251528975972 0.0522561169830437 0.0464094667608119
