Post-hoc_landscape_analyses/Environmental_files/WNV_rasters/Western_flyway_normalised.asc
NCOLS 312 
NROWS 173 
XLLCORNER -128.0000208 
YLLCORNER 18.9999684 
CELLSIZE 0.20833325 
NODATA_value -9999 
[rows 110 to 131 of 173, columns 147 to 195 of 312]
0.0664059639909477 0.0710487185297868 0.0603868746834122 0.0699052491300719 0.0627959457642728 0.0561783374119244 0.0505483428409434 0.0294088872565061 0.0391043786264701 0.0363764443427222 0.0306304474974797 0.0237278474249009 0.0354944914846492 0.0242781411326826 0.0195403294463024 0.024046442371965 0.0258394310107119 0.0209093597509186 0.0237861188713726 0.0152963647211597 0.018974461140539 0.0125301023756506 0.0118427782096163 0.0103761328010965 0.00995526982086906 0.0139402432802089 0.0146383334185275 0.0128826889832349 0.0146543366736278 0.00864705035145943 0.00615648306219557 0.00217721411798716 0 0 0 0 0 0 0 0 0 0 0.00178669256725833 0.00809184718002065 0.00233549284766905 0 0.00595647957511226 0.00617893082741726 0
0.0805073533920289 0.0592488882012151 0.0615558808227288 0.0786328370786275 0.0697928758671164 0.0476584461106867 0.0448774979028685 0.042367168542976 0.0327259810158637 0.0296398760298635 0.0294810333243642 0.0308704781355081 0.018940345787043 0.026659163018339 0.0335805197612777 0.0299269819560069 0.0332074015027072 0.0318258145501903 0.0187897172838727 0.0149534145214922 0.023249435779164 0.0171774459905069 0.00291675986062757 0.00728990516388849 0.0198892055256457 0.00581668806749026 0.0159249013701182 0.013726086817919 0.014311891937435 0.0111742940023565 0.00202346156618337 0.00154286013450256 0 0 0 0 0 0.00159439143308756 0 0.00549990927515417 0.00377971831142148 0 0.00814734795655957 0.00102662363935914 0 0.00989505741360055 0.00574744627203498 0.00526307976025533 0.00253578270554492
0.0647573391279241 0.0678870070941057 0.0563677808996994 0.0658665295073116 0.0574539469336939 0.045730510044082 0.0465232939275618 0.0396257106733572 0.035900684217167 0.030451787400239 0.0424791788461405 0.0428332238189857 0.0306517771045046 0.0351136070992094 0.0318015836635525 0.0359982328714679 0.0233783871118516 0.0398368239122898 0.0287036727609103 0.0130884946525219 0.0231932984008238 0.0220520293706914 0.00921139717853529 0.00796888918517016 0.0219713779827303 0.022558793266275 0.0112937003518623 0.0205480643731415 0.0216278341323776 0 0.00992875697590921 0 0 0.00118117957063849 0.0117727453997267 0.00464551316814767 0 0 0.00545913482739794 0 0 0.0059361717916807 0 0 0 0.00703672292753342 0.00497392586784585 0 0
0.0803278152336393 0.0572001834498004 0.0579891444668187 0.0726432264515595 0.0465718001986307 0.051985990386389 0.0427718272514561 0.0437371188591433 0.0294951967003411 0.03197681249303 0.0277025904825096 0.0384661085407269 0.026691649276222 0.0393839804587867 0.0292600311845501 0.0241623554620848 0.030744645147596 0.0265582965097033 0.0191765636965034 0.026562474957466 0.0149639807893122 0.017965564686818 0.017656779667851 0.0281975051127356 0.026278291840278 0.0236739812315858 0.0100018125362261 0.0158543072044125 0.0120642924288564 0.00942220804904229 0.00375308319935737 0.00427965258541231 0 0 0.00500550177420963 0.00478559957270616 0 0.00227824836141782 0.005849431855162 0.00371255902153521 0 0 0.00370336501711286 0.00204099156666109 0.0106065825274933 0.0226448094380311 0.0117549239736528 0.0166763826865603 0.00302800111012427
0.0777055487825133 0.0615902302271194 0.05666207969624 0.0508854842765527 0.0476504653778318 0.0471896250715557 0.0504230614271632 0.0455189667072411 0.0606044014726468 0.0384988373798433 0.035756342207052 0.0369873740848225 0.0362315282233069 0.0366774365932813 0.028221463351666 0.0349870951531334 0.0348756135667913 0.0166881471648613 0.0237482910356197 0.0272361958297561 0.0257553720295232 0.0219228127771191 0.0139772014790833 0.026223639879345 0.0230455537618548 0.0182004225653144 0.0299567666657286 0.0317871237450598 0.0176116073666549 0.00490194667389392 0.00271459810224359 0.00433980281275013 0 0.00496598324409708 0.00288352549139072 0.0081643315820203 0.00827575116103519 0.00220720491581821 0.00450820233843466 0.00757369943900383 0.00581756496444246 0.00600245557254916 0.0127352354455435 0 0.00976716052494025 0.0305610092687458 0.00950721932529651 0.0220242634675195 0.0148565510157797
0.0623108336518617 0.066183209232599 0.0530604444546612 0.0488632844703628 0.0485242464832686 0.044569168350562 0.054861679042275 0.050984457188184 0.0417310909464508 0.0460288380841244 0.0395741310921924 0.0421209298961235 0.0454031679412078 0.0378045630479063 0.0397311645935452 0.0338953980247628 0.0483562498278657 0.0428634410778651 0.0244106248756913 0.0282408765740204 0.0237886016104881 0.0248285338972786 0.0207202910786215 0.0232927884362797 0.0322922096386102 0.0204435909014419 0.0350542994526351 0.024714243979869 0.0070407298838136 0.00134572843207494 0.00727983484544077 0.0106591588436399 0.0138483862125132 0.00897201438999322 0.00525981478087077 0.0074643722329344 0.0108263270991456 0.0108361159845199 0.00921786337685354 0.00968719930841839 0.00850945960083759 0.0127554907998165 0.00634763350180078 0.00853119268770924 0.00771310686285757 0.0224304744811661 0.0055938898873421 0.0103318659168355 0.00737969052544907
0.0580840126658764 0.0611585699882706 0.0560518081661319 0.0358875293376495 0.0464808253905579 0.0559735572792831 0.0453374418416344 0.0469728927448815 0.0420962693584622 0.0392574390437158 0.0504962154270513 0.0397974046466306 0.044050444458943 0.0369186962743553 0.0384717124814732 0.0378965238987039 0.0405912983886315 0.0341594895932527 0.0396348194393489 0.0332870727566343 0.0286772688468036 0.0257610297799527 0.0168570491574301 0.0221548547309048 0.0231156780990145 0.031778880828681 0.0324422663082137 0.0242379981395377 0.0259629283706139 0.0153973155421877 0.0103154292123899 0.0125945314546105 0.0102857299944955 0.0105550134525187 0.0097577036611723 0.00619942680719562 0.0249145521689886 0.00745368446154474 0.0106210627967906 0.0109727588066393 0.00740986519747915 0.0129430719533473 0.00669323366914961 0.0099290082734284 0.0208489555259859 0.0121394151873218 0.00842980936417912 0.00905890678786851 0.0190013399769903
0.067507310229496 0.0556853590138823 0.0479725603517353 0.0459157955025335 0.0479491756532957 0.0463147546407216 0.0495685400309836 0.042318093869306 0.0444776280724336 0.0359511970869187 0.0376030227003935 0.0386572038393532 0.0493441690325618 0.0482272537694601 0.0419424012225899 0.0432460047175 0.0331488893150408 0.0399447977982421 0.0413807818698306 0.0429175127310498 0.0325192990505693 0.0304188227227388 0.0305812381993614 0.0255584638259392 0.0218282438028149 0.0211262450378017 0.0410158766800254 0.0439843207236656 0.0359920268273097 0.0341124038094063 0.0226351331553444 0.0189663763358245 0.016862394510194 0.0194708629812565 0.00994684151281947 0.0140351269055038 0.0219725451328165 0.00867891827728157 0.0105378036971322 0.0135065484159069 0.0130334419614402 0.0109775825052785 0.0155564838882147 0.0118861994331908 0.0178710951173848 0.0116955364552249 0.014893612239431 0.0166348202307554 0.0161793755158648
0.06801584786256 0.048825122679604 0.0579195696846578 0.0483302021561302 0.0578150137244372 0.0449261153389428 0.0477152108891966 0.059273615103559 0.0414665787512492 0.0414771928787814 0.0413594901108853 0.0370578091944455 0.0390031789590199 0.0391362648029598 0.0410679520737272 0.0283799264182104 0.0334639370805984 0.0372977644071812 0.0367175468736529 0.0399244114067095 0.0381660866622318 0.0267155809748254 0.0303684805392748 0.0303290920701127 0.0399504015810323 0.030407206044576 0.0397298448952542 0.0459160125072844 0.0421371003873813 0.038501380471887 0.0382978312929623 0.0273026037822824 0.0359399681636924 0.0266590801904927 0.0285795966891946 0.0139986928035189 0.040868191414436 0.0166670493307613 0.0101813207201304 0.0310084747208075 -9999 0.0105219863106543 0.0223056053198159 0.0307386669221656 0.0105407959164493 0.015828109818198 0.0177758282919161 -9999 0.0121800774817795
0.0542679517512506 0.0583655604876084 0.0533380618830622 0.0538639633433889 0.0612849900186002 0.0490104322121316 0.0522743013820202 0.0389978434822601 0.0481845957629511 0.0404080966614417 0.044188099949953 0.0383252289239113 0.0456591790746659 0.0468598101556939 0.0372602263573947 0.0393184389269533 0.0419293794638162 0.0489779858067675 0.0356954334142178 0.0443182915702799 0.0353141383506081 0.0441701123118775 0.0423329923142951 0.0352564935842894 0.0303056744811864 0.0433475984218131 0.0298050908216197 0.0407294107838746 0.0446430685211053 0.0483763620777148 0.0403349745590211 0.0407905750319943 0.0388230029141802 0.0342844897376982 0.0328701662784145 0.0406886027638176 0.0288671694161586 -9999 -9999 -9999 -9999 -9999 -9999 -9999 -9999 -9999 -9999 -9999 -9999
0.0552118086285428 0.0469167808773055 0.0632332692441021 0.049078508360663 0.045007482581503 0.0430759343200334 0.0364082736901548 0.0330661133888464 0.0533943348136728 0.0354322635748192 0.0465085720044995 0.0324612188574537 0.0384987299371407 0.0344827297653055 0.0395872688432857 0.0446050335155264 0.0636861671895961 0.0387288219376601 0.0441380743634714 0.0386507454866063 0.0378585543818151 0.0389899067934903 0.0530955942992404 0.0324287510067739 0.0371318741978253 0.0398402190622874 0.0379306112336336 0.0312488938189355 0.033491614019608 0.0364091255306829 0.0494871861103846 0.0407198689788823 0.0385657702067702 0.0398387048282978 0.0518641740884543 0.0415874987838675 0.0313968628654958 0.0374034241197028 0.0396355754245625 -9999 -9999 -9999 -9999 -9999 -9999 -9999 -9999 -9999 -9999
0.0772770251133261 0.0507844871115864 0.0672009782374655 0.0457440827048825 0.042844245245219 0.0519603532305056 0.0390460408544699 0.0455790298850645 0.0340198133698235 0.0370896434345477 0.0571885758451396 0.0366321777120322 0.0414779118422135 0.0464519348130077 0.0416761159281126 0.0382568782560879 0.0429292021962489 0.045626777304038 0.040404692099889 0.0424378579387888 0.0465471793254589 0.036350297550418 0.0447098122598072 0.0386139388229461 0.0316628443344425 0.0363139372980745 0.0435121804683153 0.0362967426546003 0.0400344171717161 0.0408613565845355 0.0433888831920015 0.0459579582200489 0.0397287269714018 0.0401141426227874 0.0342986316135503 0.0448264385807734 0.0354843080187713 0.0339964968568833 -9999 -9999 -9999 -9999 -9999 -9999 -9999 -9999 -9999 -9999 -9999
0.0942570150365322 0.0647446470536207 0.0558780404943703 0.0637625288309946 0.0327307028461827 0.0251175742228044 0.0307139477451696 0.0347863788557566 0.0357551808215393 0.0295111195289551 0.0399914671066278 0.0489146902173878 0.0481335472286815 0.0411149270981033 0.0370527604999604 -9999 -9999 -9999 -9999 -9999 -9999 -9999 -9999 0.0315113815575385 0.0386367503483213 0.0487359802226565 0.0395314053107044 -9999 0.0312885356328294 0.0365394886824467 0.0415794674915882 0.0508835190309788 0.0404519594695354 0.039435299666443 0.036798180806565 0.0317801399112156 0.0388419875182939 0.0352383082286563 -9999 -9999 -9999 -9999 -9999 -9999 -9999 -9999 -9999 -9999 -9999
0.0607623523496237 0.0525015116886507 0.0537666610155836 0.0501743343522402 0.0296811743456549 0.0367145779778467 0.0315274488971891 0.0445384552170062 0.041966324252774 0.0359183675539308 0.0478261903151066 0.0459317186904869 -9999 -9999 -9999 -9999 -9999 -9999 -9999 -9999 -9999 -9999 -9999 -9999 -9999 -9999 -9999 -9999 -9999 -9999 0.0337268717628519 0.0339139817597523 0.0334747135168899 0.0353911183218542 0.0370833033908076 0.0335035189693487 0.0221870191356896 0.0339606970048073 0.0331311436026635 0.0240361524095901 -9999 -9999 -9999 -9999 -9999 -9999 -9999 -9999 -9999
0.0540248948158314 0.0470149257057135 0.0652841399343915 0.0482846136127518 0.0369695663215035 0.0401754863378946 0.0388741916963986 0.0447578213799015 0.050382346579611 0.0485899185888286 0.0487240853448354 -9999 -9999 -9999 -9999 -9999 -9999 -9999 -9999 -9999 -9999 -9999 -9999 -9999 -9999 -9999 -9999 -9999 -9999 -9999 -9999 0.0336844351095435 0.0322303354227408 -9999 0.0375350482690153 -9999 -9999 -9999 0.028432538505228 0.0259726536258579 -9999 -9999 -9999 -9999 -9999 -9999 -9999 -9999 -9999
0.0586297243640682 0.0588732121342061 0.0666431880273946 0.0407560739992576 0.0438104495162479 0.0400105026630505 0.035537240022948 0.0509171193255389 0.0493953508167345 0.0520457044214281 -9999 -9999 -9999 -9999 -9999 -9999 -9999 -9999 -9999 -9999 -9999 -9999 -9999 -9999 -9999 -9999 -9999 -9999 -9999 -9999 -9999 -9999 -9999 -9999 -9999 -9999 -9999 -9999 -9999 -9999 -9999 -9999 -9999 -9999 -9999 -9999 -9999 -9999 -9999
0.0692156574677415 0.0722118528843906 0.0521889442262192 0.0525881420776067 0.0750721727515419 0.0534536495671262 0.0485662025281408 0.0575117042546714 -9999 -9999 -9999 -9999 -9999 -9999 -9999 -9999 -9999 -9999 -9999 -9999 -9999 -9999 -9999 -9999 -9999 -9999 -9999 -9999 -9999 -9999 -9999 -9999 -9999 -9999 -9999 -9999 -9999 -9999 -9999 -9999 -9999 -9999 -9999 -9999 -9999 -9999 -9999 -9999 -9999
0.0878884448707814 0.0790982318345353 0.0523068032832852 0.0649975453069925 0.0754298812406509 -9999 -9999 -9999 -9999 -9999 -9999 -9999 -9999 -9999 -9999 -9999 -9999 -9999 -9999 -9999 -9999 -9999 -9999 -9999 -9999 -9999 -9999 -9999 -9999 -9999 -9999 -9999 -9999 -9999 -9999 -9999 -9999 -9999 -9999 -9999 -9999 -9999 -9999 -9999 -9999 -9999 -9999 -9999 -9999
0.0875171288359365 0.0988787281052164 0.0619952844420508 0.0694879901315702 -9999 -9999 -9999 -9999 -9999 -9999 -9999 -9999 -9999 -9999 -9999 -9999 -9999 -9999 -9999 -9999 -9999 -9999 -9999 -9999 -9999 -9999 -9999 -9999 -9999 -9999 -9999 -9999 -9999 -9999 -9999 -9999 -9999 -9999 -9999 -9999 -9999 -9999 -9999 -9999 -9999 -9999 -9999 -9999 -9999
0.0489389442738247 0.0706302393185258 0.0653478246969757 -9999 -9999 -9999 -9999 -9999 -9999 -9999 -9999 -9999 -9999 -9999 -9999 -9999 -9999 -9999 -9999 -9999 -9999 -9999 -9999 -9999 -9999 -9999 -9999 -9999 -9999 -9999 -9999 -9999 -9999 -9999 -9999 -9999 -9999 -9999 -9999 -9999 -9999 -9999 -9999 -9999 -9999 -9999 -9999 -9999 -9999
0.0660056460558795 0.0805069039508276 -9999 -9999 -9999 -9999 -9999 -9999 -9999 -9999 -9999 -9999 -9999 -9999 -9999 -9999 -9999 -9999 -9999 -9999 -9999 -9999 -9999 -9999 -9999 -9999 -9999 -9999 -9999 -9999 -9999 -9999 -9999 -9999 -9999 -9999 -9999 -9999 -9999 -9999 -9999 -9999 -9999 -9999 -9999 -9999 -9999 -9999 -9999
0.102958510863304 -9999 -9999 -9999 -9999 -9999 -9999 -9999 -9999 -9999 -9999 -9999 -9999 -9999 -9999 -9999 -9999 -9999 -9999 -9999 -9999 -9999 -9999 -9999 -9999 -9999 -9999 -9999 -9999 -9999 -9999 -9999 -9999 -9999 -9999 -9999 -9999 -9999 -9999 -9999 -9999 -9999 -9999 -9999 -9999 -9999 -9999 -9999 -9999
